avg_Density_(g/mL),avg_Gordy_electonegativity,avg_Number_of_unfilled_d_valence_electrons,avg_abs_valence,avg_metallic_valence,avg_valence_d,sum_Density_(g/mL),sum_heat_atomization(kJ/mol),sum_valence_d,range_Density_(g/mL),range_Nagle_electonegativity,range_heat_of_fusion_(kJ/mol)_,target
4.29,5.31614,7.0,2.7,2.532,3.0,42.9,2694.0,30.0,6.48,1.4,,1.22
2.820625,5.0875,9.5,3.5,2.25,0.5,90.26,9762.0,16.0,7.71,1.65,24.68,1.77
4.81,4.996168421,7.894736842,2.210526316,2.829473684,2.105263158,91.39,5247.0,40.0,8.1,1.65,11.33,2.43
8.6215,5.02018,0.25,3.15,2.387,9.75,17.243,401.5,19.5,5.16,0.72,12.691,0.49
3.49,5.058571429,7.142857143,2.857142857,2.348571429,2.857142857,24.43,1747.0,20.0,5.78,1.66,5.31,2.7
5.726,5.22804,9.0,3.0,2.532,1.0,57.26,2507.0,10.0,6.61,0.75,32.141,1.96
3.922857143,5.7717,10.0,4.428571429,2.0,0.0,27.46,1598.0,0.0,4.9,1.43,7.49,1.6
6.74425,4.8616345,5.0,2.0,3.22,5.0,13.4885,338.49,10.0,8.71,0.86,4.395,0.29
2.036666667,6.646666667,9.0,3.666666667,1.666666667,1.0,6.11,1012.0,3.0,6.11,2.35,,0.466
6.616,4.683,4.0,2.0,3.22,6.0,13.232,537.0,12.0,1.58,0.59,24.44,0.12
4.02,5.265728571,7.142857143,3.571428571,2.411428571,2.857142857,28.14,1780.0,20.0,5.24,1.43,,1.5
6.688181818,4.948831169,0.0,2.779220779,2.592727273,10.0,514.99,16464.0,770.0,2.41,0.63,14.23,1.17
5.15875,4.6975,5.875,2.375,3.665,4.125,41.27,2644.0,33.0,6.89,1.22,19.18,1.0
3.198571429,4.477142857,10.0,2.285714286,3.142857143,0.0,22.39,2185.0,0.0,4.35,1.27,,2.06
6.23875,5.37914375,8.75,2.28125,2.555,1.25,199.64,7232.0,40.0,6.78,1.52,8.97,1.99
9.31225,6.3458565,0.0,2.0,3.22,10.0,18.6245,269.73,20.0,7.26,0.63,15.195,0.165
4.398888889,5.13,5.555555556,2.666666667,2.64,4.444444444,39.59,2367.0,40.0,5.24,0.97,,0.9
4.922857143,5.121428571,10.0,2.857142857,2.411428571,0.0,34.46,1660.0,0.0,2.4,1.33,2.16,3.163
5.597142857,5.339285714,7.714285714,3.142857143,2.6,2.285714286,78.36,3787.0,32.0,2.52,1.26,1.57,0.3
7.0,5.356666667,3.333333333,1.333333333,3.626666667,6.666666667,21.0,817.0,20.0,10.5,2.17,11.08,1.5324
4.433571429,5.115,5.714285714,2.642857143,2.76,4.285714286,62.07,3785.0,60.0,6.89,0.98,11.33,1.34
3.465833333,5.175,10.0,2.833333333,2.48,0.0,41.59,3277.0,0.0,3.83,1.51,6.03,3.54
5.931818182,5.017272727,5.909090909,2.454545455,2.725454545,4.090909091,130.5,4466.0,90.0,6.78,1.52,4.6,1.62
2.751111111,6.5719,7.722222222,2.444444444,1.653333333,2.277777778,49.52,5055.0,41.0,8.65,2.52,49.98,3.8
1.81,3.403333333,10.0,2.0,2.666666667,0.0,5.43,808.0,0.0,0.78,0.76,42.01,1.9
4.653571429,5.186428571,9.285714286,2.857142857,2.46,0.714285714,65.15,3236.0,10.0,5.26,1.52,34.85,2.31
5.898111111,5.295212593,6.092592593,3.333333333,2.272740741,3.907407407,159.249,6089.2,105.5,9.87,1.48,17.68,0.45
6.81875,4.92,0.0,2.708333333,2.683333333,10.0,163.65,5229.0,240.0,4.26,0.63,14.23,1.5
1.312631579,6.325789474,9.473684211,2.526315789,1.181052632,0.526315789,24.94,5725.0,10.0,8.65,2.79,49.98,2.34
10.19333333,6.174666667,8.333333333,4.333333333,3.26,1.666666667,30.58,1224.0,5.0,16.21,0.96,26.51,1.07
6.7486,5.29475,5.0,3.0,2.22,5.0,13.4972,474.48,10.0,9.33,0.73,,0.366
6.496842105,5.845621053,9.631578947,2.736842105,2.315789474,0.368421053,123.44,5565.0,7.0,7.97,1.52,16.51,1.78
3.08,4.642214286,10.0,1.714285714,2.971428571,0.0,21.56,3645.0,0.0,5.18,0.97,41.57,3.5
6.0,6.08,5.0,2.0,2.89,5.0,12.0,627.0,10.0,12.0,2.01,,0.8
5.4875,4.945,5.0,2.25,3.22,5.0,21.95,1085.0,20.0,8.43,1.04,9.58,1.926666667
3.758333333,4.633333333,8.333333333,3.0,1.666666667,1.666666667,22.55,1096.0,10.0,5.27,1.36,14.89,1.91
8.82,5.0902,0.0,3.0,2.22,10.0,17.64,393.0,20.0,5.16,0.32,12.691,0.278833333
1.505555556,6.88,9.444444444,3.666666667,1.086666667,0.555555556,13.55,2553.0,5.0,10.2,2.79,31.78,2.96
3.895,4.225,5.0,3.0,2.0,5.0,7.79,375.0,10.0,4.69,0.97,8.95,4.185
5.541176471,5.296917647,9.647058824,3.294117647,2.235294118,0.352941176,94.2,4633.0,6.0,15.74,1.47,29.27,1.45
2.227142857,4.372857143,10.0,1.142857143,2.857142857,0.0,15.59,3616.0,0.0,0.79,0.91,41.66,4.5
3.59,4.595,8.25,4.0,3.695,1.75,14.36,1370.0,7.0,7.08,0.78,15.53,0.45
7.5725,4.74,0.0,2.25,3.22,10.0,30.29,921.0,40.0,4.26,0.63,14.23,0.945
1.37,6.705714286,9.387755102,2.653061224,1.292244898,0.612244898,67.13,16634.0,30.0,8.65,2.83,49.98,4.76
6.888571429,4.894414286,5.714285714,2.285714286,3.474285714,4.285714286,48.22,1847.0,30.0,4.17,1.18,6.36,0.2
6.42,4.5625,2.5,2.25,3.11,7.5,25.68,1004.0,30.0,7.8,0.63,6.7,1.85
8.746666667,5.717833333,8.0,4.0,3.926666667,2.0,26.24,1421.0,6.0,20.78,0.83,31.14,1.165
0.843333333,7.208333333,10.0,3.0,0.416666667,0.0,10.12,2763.0,0.0,4.79,2.68,6.47,4.9
1.35,5.2,10.0,2.0,3.0,0.0,2.7,799.0,0.0,2.7,1.57,,6.1
1.639333333,5.0,9.066666667,3.0,1.237333333,0.933333333,24.59,3107.0,14.0,8.9,2.67,15.97,0.495
10.95333333,6.020266667,7.0,5.0,3.926666667,3.0,32.86,1169.0,9.0,15.67,0.62,8.1,0.616666667
5.354615385,4.835384615,3.846153846,2.923076923,2.461538462,6.153846154,69.61,2957.0,80.0,5.83,1.47,17.54,1.31
2.938695652,4.975217391,9.304347826,2.869565217,2.540869565,0.695652174,67.59,7479.0,16.0,5.06,1.38,,2.38
4.83562,4.5671,10.0,2.0,4.0,0.0,4.83562,389.15,0.0,2.99,0.06,13.61,1.319
4.64,4.81,8.166666667,2.333333333,2.406666667,1.833333333,27.84,1314.0,11.0,5.26,1.52,9.31,2.35
4.178666667,5.139333333,7.333333333,2.8,2.725333333,2.666666667,125.36,7888.0,80.0,8.43,1.51,9.58,2.37
5.1025,4.8975,5.0,2.25,3.22,5.0,20.41,1139.0,20.0,6.89,0.98,,1.536333333
3.382222222,7.186437037,5.925925926,3.259259259,1.377777778,4.074074074,91.32,6302.0,110.0,13.5,2.11,17.27,2.56
2.488421053,7.242147368,8.947368421,3.684210526,0.888421053,1.052631579,47.28,4665.0,20.0,11.4,1.86,36.72,4.1
5.837142857,5.5023,10.0,5.857142857,2.285714286,0.0,40.86,1864.0,0.0,3.44,1.25,4.11,2.0
5.37125,5.46,6.25,3.5,2.18,3.75,42.97,1787.0,30.0,4.19,1.04,16.61,1.35
2.47125,5.778125,9.6875,2.041666667,3.0625,0.3125,118.62,22694.0,15.0,6.66,2.07,,3.5
4.914545455,5.339090909,9.090909091,3.090909091,2.161818182,0.909090909,54.06,2352.0,10.0,10.13,1.52,,1.5
2.040833333,7.100833333,8.083333333,3.666666667,1.036666667,1.916666667,24.49,3186.0,23.0,6.24,2.35,20.68,3.0
4.621666667,4.479733333,8.0,2.5,2.74,2.0,27.73,1841.0,12.0,10.84,1.65,14.38,2.95
2.884285714,4.588571429,9.857142857,1.0,3.0,0.142857143,20.19,3861.0,1.0,3.81,0.98,44.0,4.1
5.456,4.646,7.0,2.0,3.22,3.0,10.912,567.4,6.0,5.49,0.7,27.04,1.25
4.08625,4.73375,8.75,2.5,2.305,1.25,32.69,1738.0,10.0,6.59,1.37,33.94,1.86
4.543571429,5.128571429,5.714285714,2.642857143,2.76,4.285714286,63.61,3731.0,60.0,8.43,1.04,9.58,1.76
2.659,6.88038,9.6,3.2,1.2,0.4,26.59,3014.0,4.0,16.6,2.64,31.38,4.19
4.868148148,4.483259259,10.0,1.703703704,3.472592593,0.0,262.88,17294.0,0.0,4.93,1.02,34.85,0.221
5.313333333,4.245,5.0,1.5,3.553333333,5.0,31.88,1662.0,30.0,8.1,1.65,11.33,1.459
6.72,4.84,5.0,2.0,3.22,5.0,13.44,339.0,10.0,3.86,0.86,,1.858412
2.08,7.024809524,9.761904762,3.047619048,1.047619048,0.238095238,43.68,6018.0,5.0,7.9,2.68,,3.73
3.15375,6.89345,7.5,3.75,1.125,2.5,25.23,1833.0,20.0,9.75,1.79,,3.43
8.80625,5.088774,0.025,2.9975,2.2225,9.975,17.6125,393.45,19.95,5.5,0.52,,0.37
5.13392233,6.389408544,8.965048544,2.893203883,3.576699029,1.034951456,26.4397,2911.16,5.33,16.6,2.45,31.38,1.71
6.42,5.113333333,7.333333333,5.333333333,3.26,2.666666667,19.26,1062.0,8.0,10.33,1.1,19.78,0.7
4.52,4.565,5.0,2.0,3.61,5.0,18.08,1063.0,20.0,5.49,0.76,,1.6275
1.006,4.542,10.0,2.4,2.4,0.0,5.03,1420.0,0.0,1.74,2.01,8.59,3.25
4.03,4.68,10.0,2.5,3.5,0.0,8.06,754.0,0.0,3.4,0.24,22.85,1.5
0.151666667,7.366666667,10.0,2.333333333,0.5,0.0,1.82,3092.0,0.0,1.82,1.4,0.44,6.805
2.129130435,7.708104348,6.956521739,4.173913043,0.391304348,3.043478261,48.97,4523.0,70.0,9.75,2.4,11.08,3.7
3.175,5.2825,7.5,3.0,2.0,2.5,12.7,899.0,10.0,4.82,1.7,18.15,2.8
0.8625,6.269642857,10.0,2.5,1.0,0.0,24.15,8378.0,0.0,2.34,2.83,49.98,6.53
1.877647059,6.81,9.411764706,3.764705882,1.032941176,0.588235294,31.92,4727.0,10.0,10.2,2.67,31.78,3.1
5.35125,5.34,10.0,3.5,2.525,0.0,42.81,2224.0,0.0,1.98,1.25,,1.8
6.5225,4.7525,8.25,4.0,3.695,1.75,26.09,1331.0,7.0,3.17,0.67,,0.4
4.271,5.59988,8.0,3.5,1.044,2.0,42.71,1321.0,20.0,8.63,1.77,9.21,2.19
3.227142857,4.7102,10.0,0.857142857,3.0,0.0,22.59,3729.0,0.0,6.21,0.93,39.14,3.3
5.8875,4.7125,7.5,2.0,3.22,2.5,11.775,473.0,5.0,2.34,0.85,22.11,1.52
5.583333333,5.29,8.4,2.933333333,2.482666667,1.6,83.75,4224.0,24.0,2.52,1.26,16.61,1.69
2.933333333,3.526666667,10.0,2.0,2.666666667,0.0,8.8,673.0,0.0,3.58,0.49,27.99,1.67
3.870923077,6.931846154,6.061538462,3.646153846,1.242769231,3.938461538,251.61,15304.0,256.0,9.75,2.22,13.58,2.8
1.036666667,5.083333333,10.0,2.222222222,2.666666667,0.0,9.33,3572.0,0.0,2.34,2.01,,4.0
3.60875,4.6175,8.25,2.75,2.555,1.75,28.87,2352.0,14.0,7.43,1.66,24.68,2.64
5.37,5.6975,0.0,4.5,0.75,10.0,21.48,583.0,40.0,1.76,0.39,12.05,2.348
6.442,4.818666667,2.666666667,2.266666667,3.005333333,7.333333333,96.63,2872.0,110.0,6.58,1.04,15.77,1.29
1.381445783,6.732650602,10.0,3.156626506,1.228915663,0.0,114.66,23949.0,0.0,5.32,2.51,49.98,5.47
1.927692308,7.008461538,7.615384615,3.538461538,0.769230769,2.384615385,25.06,3085.0,31.0,6.24,2.83,17.27,3.4
7.4175,4.9325,0.0,2.75,3.11,10.0,29.67,940.0,40.0,4.26,0.63,8.57,0.476666667
4.397,5.53842,10.0,2.5,2.444,0.0,43.97,2833.0,0.0,6.48,1.4,,2.81
4.003695652,4.962704348,7.173913043,3.130434783,2.086956522,2.826086957,184.17,10197.0,130.0,8.89,1.65,9.58,1.4
3.9275,5.28875,10.0,3.5,2.0,0.0,31.42,1767.0,0.0,3.93,1.47,6.03,2.16
4.76,4.6925,9.166666667,2.416666667,2.48,0.833333333,57.12,2738.0,10.0,8.1,1.47,10.72,1.72
8.30875,5.0714,0.0,3.0,2.415,10.0,16.6175,419.5,20.0,5.16,0.38,12.691,0.04
4.085,4.62,10.0,2.5,2.11,0.0,16.34,830.0,0.0,5.04,1.47,4.36,2.6
2.227272727,6.917636364,9.545454545,1.454545455,0.707272727,0.454545455,24.5,2912.0,5.0,21.0,1.29,32.61,3.44
0.903333333,5.985,10.0,2.666666667,1.0,0.0,5.42,1584.0,0.0,2.34,2.79,49.98,3.67
3.27,5.254444444,8.518518519,3.111111111,2.296296296,1.481481481,88.29,6833.0,40.0,5.24,1.51,6.03,2.31
3.165,4.79375,7.5,2.5,2.305,2.5,25.32,1852.0,20.0,8.11,1.55,5.31,3.26
5.233333333,6.497266667,5.0,2.666666667,1.766666667,5.0,62.8,2757.0,60.0,11.9,2.11,17.27,2.2
5.177777778,5.1932,8.888888889,3.111111111,2.271111111,1.111111111,46.6,1988.0,10.0,6.25,1.33,5.71,2.21
6.625,5.03275,10.0,4.5,2.9,0.0,13.25,509.0,0.0,1.79,1.06,19.07,1.03
7.086666667,5.533466667,0.0,4.0,0.813333333,10.0,21.26,410.0,30.0,6.47,0.51,,2.534777778
7.78825,5.23892,5.0,3.0,2.337,5.0,15.5765,438.9,10.0,6.61,0.61,,0.135
5.8759,4.7057,7.9,2.0,3.22,2.1,11.7518,491.4,4.2,2.34,0.85,22.11,1.67
2.136363636,7.176818182,7.636363636,3.636363636,0.818181818,2.363636364,47.0,5497.0,52.0,6.24,2.64,17.27,3.81
2.11375,4.37625,10.0,1.125,2.875,0.0,33.82,8102.0,0.0,1.8,1.08,47.55,2.27
5.245517241,5.264234483,6.896551724,2.965517241,2.619310345,3.103448276,38.03,2005.0,22.5,9.33,0.98,35.22,1.48
6.223,4.59775,5.75,2.0,3.22,4.25,12.446,554.0,8.5,0.96,0.55,,1.1
7.29875,6.849575,5.625,2.625,2.38,4.375,116.78,2224.0,70.0,11.43,1.02,3.57,3.03
5.234,5.124,10.0,2.8,2.576,0.0,26.17,1253.0,0.0,1.11,0.75,1.1,2.07
5.6825,5.34045,5.0,3.0,2.61,5.0,22.73,1002.0,20.0,9.83,0.9,18.15,1.69
2.790909091,6.825454545,6.818181818,3.363636364,1.514545455,3.181818182,30.7,2860.0,35.0,10.2,2.36,31.78,4.1
1.518333333,7.163355556,8.888888889,3.444444444,1.048888889,1.111111111,27.33,4556.0,20.0,11.4,2.17,5.97,4.86
5.959,4.6445,8.5,2.0,3.22,1.5,11.918,576.0,3.0,0.96,0.55,22.11,0.67
6.072222222,4.708888889,2.222222222,2.0,2.591111111,7.777777778,54.65,1282.0,70.0,6.78,1.29,15.4,2.48
4.808571429,5.191428571,8.571428571,2.857142857,2.348571429,1.428571429,33.66,1607.0,10.0,5.44,1.52,34.85,2.32
2.408571429,7.384285714,9.142857143,3.857142857,1.282857143,0.857142857,16.86,2152.0,6.0,10.2,3.18,,2.52
5.25,6.97,5.0,2.5,2.72,5.0,10.5,363.0,10.0,10.5,2.78,11.04,2.8
4.76,6.88672,6.0,2.8,1.376,4.0,23.8,1111.0,20.0,11.9,2.03,3.922,2.25
2.850625,6.948125,6.5625,3.5625,1.38875,3.4375,45.61,4308.0,55.0,10.2,2.36,31.78,3.4
3.628,7.28876,10.0,3.2,1.2,0.0,18.14,1381.0,0.0,9.07,2.51,19.68,5.42
3.536923077,5.293846154,9.846153846,2.923076923,2.529230769,0.153846154,45.98,4027.0,2.0,4.08,1.45,35.22,2.78
1.6752,7.0708,9.76,3.68,0.96,0.24,41.88,6460.0,6.0,6.11,2.64,20.68,2.87
3.008,6.9802,10.0,4.8,1.12,0.0,15.04,1161.0,0.0,7.52,2.57,8.41,5.0
4.258,5.3028,7.0,3.6,2.532,3.0,42.58,2792.0,30.0,6.16,1.41,9.08,1.2
3.771428571,5.19,7.142857143,2.857142857,2.411428571,2.857142857,26.4,1782.0,20.0,5.24,1.51,6.03,3.057
2.863,6.618,8.5,3.9,1.756,1.5,28.63,3051.0,15.0,8.9,2.58,17.25,1.3
3.914117647,5.294117647,8.235294118,3.294117647,2.575294118,1.764705882,66.54,5424.0,30.0,5.79,1.45,,1.0
4.4465,4.5965,10.0,2.0,3.22,0.0,8.893,597.1,0.0,4.08,0.66,27.04,2.16
4.5075,5.65,7.5,3.0,2.635,2.5,18.03,1194.0,10.0,8.96,2.59,,2.98
2.55,7.165,8.75,4.25,1.445,1.25,10.2,1405.0,5.0,10.2,2.36,31.78,3.6625
7.69,4.516666667,3.333333333,1.333333333,4.293333333,6.666666667,23.07,847.0,20.0,8.43,1.04,,1.0325
3.181153846,6.388846154,7.576923077,2.5,1.832307692,2.423076923,82.71,7323.0,63.0,8.96,2.64,12.83,1.8
6.26125,5.073175,5.875,2.75,2.915,4.125,50.09,2176.0,33.0,9.83,1.22,19.18,1.81
6.65,5.7078375,6.25,2.625,2.915,3.75,53.2,2161.0,30.0,17.48,0.96,11.89,2.2
4.73,4.5675,5.0,2.5,2.11,5.0,18.92,841.0,20.0,5.7,1.14,14.49,2.31
11.36,5.997833333,4.666666667,4.333333333,3.593333333,5.333333333,34.08,1280.0,16.0,17.81,0.92,25.11,0.4
1.864705882,6.958235294,8.470588235,3.647058824,1.058823529,1.529411765,31.7,4521.0,26.0,6.24,2.64,20.68,3.16
4.613333333,3.186666667,7.333333333,2.666666667,3.926666667,2.666666667,13.84,1174.0,8.0,4.87,0.23,0.3,0.77
1.966363636,5.864545455,9.0,1.090909091,1.161818182,1.0,21.63,2623.0,11.0,12.0,1.23,17.01,1.0
4.385,4.6125,8.75,2.0,3.22,1.25,8.77,540.25,2.5,5.31,0.85,,2.18
3.652,5.248,9.8,2.8,2.488,0.2,18.26,1546.0,1.0,4.08,1.45,4.48,2.5
2.372,5.256,9.0,3.4,2.2,1.0,23.72,2675.0,10.0,5.72,1.54,19.21,2.21
2.166315789,6.942568421,7.894736842,3.157894737,1.332631579,2.105263158,41.16,4476.0,40.0,9.75,2.17,11.08,3.9
1.168571429,6.735714286,10.0,2.857142857,1.142857143,0.0,8.18,2322.0,0.0,3.5,2.64,49.98,6.443333333
3.895106383,5.102553191,9.361702128,2.659574468,2.740425532,0.638297872,18.307,1340.9,3.0,6.89,0.98,11.33,2.575
5.391428571,4.248571429,2.857142857,2.0,2.411428571,7.142857143,37.74,995.0,50.0,7.79,1.24,15.16,1.93
2.264705882,7.241764706,7.647058824,3.882352941,0.835294118,2.352941176,38.5,4239.0,40.0,6.77,2.56,17.27,3.65
3.4,5.18,5.0,3.0,0.5,5.0,6.8,186.0,10.0,3.06,1.48,5.73,6.356666667
2.731,6.596,8.8,3.6,1.678,1.2,27.31,3279.0,12.0,8.9,2.58,20.68,0.41
4.379565217,5.142173913,7.217391304,2.52173913,2.723478261,2.782608696,100.73,6253.0,64.0,6.58,1.45,4.48,2.27
5.825,5.28545,7.5,3.0,2.61,2.5,23.3,951.0,10.0,10.08,0.72,6.03,0.55
5.673333333,4.673333333,2.666666667,3.333333333,2.666666667,7.333333333,17.02,864.0,22.0,1.7,0.85,2.04,1.0
2.155714286,6.801485714,8.571428571,3.142857143,0.92,1.428571429,15.09,1586.0,10.0,11.4,2.83,4.579,4.39
3.74,4.65375,10.0,2.75,2.0,0.0,29.92,1683.0,0.0,4.35,1.36,34.34,2.25
6.295,4.585,5.0,2.0,3.22,5.0,12.59,548.0,10.0,0.79,0.32,14.28,0.778253333
5.12875,4.1375,5.0,1.25,3.47,5.0,41.03,1502.0,40.0,7.68,1.27,5.53,1.1
6.981267606,4.868450704,0.0,2.563380282,2.811830986,10.0,49.567,1492.2,71.0,4.26,0.63,,0.19
4.7825,5.29125,8.75,3.25,2.25,1.25,38.26,1797.0,10.0,3.81,1.33,1.06,1.8
5.0525,5.1225,10.0,2.833333333,2.48,0.0,60.63,2913.0,0.0,2.4,1.33,2.16,2.64
4.972307692,4.48,5.384615385,1.615384615,3.664615385,4.615384615,64.64,2877.0,60.0,6.83,0.77,5.53,0.85
4.322727273,5.03,8.181818182,2.545454545,3.069090909,1.818181818,47.55,3266.0,20.0,8.43,1.04,48.83,2.35
6.435,5.47495,2.5,3.75,1.485,7.5,51.48,1478.0,60.0,9.33,0.73,,1.6
2.036666667,6.646666667,9.0,3.666666667,1.666666667,1.0,12.22,2024.0,6.0,6.11,2.35,20.68,0.66
8.34965,5.072904,0.0,3.0,2.3994,10.0,16.6993,417.38,20.0,5.16,0.38,12.691,0.044
6.292630273,4.589305211,4.987593052,2.009925558,3.212009926,5.012406948,12.67965,551.075,10.1,0.79,0.52,14.28,0.684
4.4525,6.205,5.0,2.25,2.22,5.0,17.81,1025.0,20.0,10.5,2.17,11.08,4.2
4.3095,5.099,6.0,2.9,2.288,4.0,86.19,4613.0,80.0,5.24,1.51,15.77,2.13
1.864705882,6.839411765,9.411764706,3.764705882,1.032941176,0.588235294,31.7,4689.0,10.0,10.2,2.78,,3.3
6.242,5.63648,9.8,3.4,2.42,0.2,31.21,1436.0,1.0,5.05,1.28,11.91,1.61
2.6875,5.1725,9.5,3.5,2.5,0.5,10.75,1307.0,2.0,2.47,1.26,13.73,0.9
3.927689655,5.191448276,7.586206897,2.917241379,2.616827586,2.413793103,113.903,7609.4,70.0,8.43,1.51,9.58,1.48
4.6875,4.91125,6.25,2.5,2.86,3.75,37.5,2032.0,30.0,8.97,1.66,18.15,2.3
2.901428571,4.591714286,7.714285714,2.457142857,2.221714286,2.285714286,101.55,7375.0,80.0,6.45,1.65,5.6,3.15
7.1775,4.975,2.5,2.75,3.11,7.5,28.71,980.0,30.0,4.77,0.66,16.4,0.8
6.285,4.85,5.0,2.0,3.72,5.0,12.57,563.0,10.0,8.43,1.04,9.58,1.141428571
2.895,4.36,5.0,3.0,0.5,5.0,5.79,197.0,10.0,4.07,1.43,5.49,6.132777778
2.72,5.503712,10.0,3.28,2.24,0.0,68.0,6846.0,0.0,6.73,1.51,10.4,3.28
2.967391304,8.114852174,6.956521739,4.173913043,0.913043478,3.043478261,68.25,3563.0,70.0,9.75,2.4,11.08,4.05
4.484285714,4.747142857,7.142857143,2.285714286,2.982857143,2.857142857,31.39,1901.0,20.0,7.43,1.66,25.98,1.96
7.122,5.31072,3.6,3.6,2.4,6.4,35.61,1059.0,32.0,4.96,0.48,10.8,0.28
7.973333333,5.047266667,1.666666667,2.666666667,2.813333333,8.333333333,47.84,1332.0,50.0,6.58,0.49,32.798,0.365
2.539361702,5.245744681,9.787234043,2.85106383,2.264680851,0.212765957,23.87,2983.0,2.0,5.06,1.51,,3.54
5.674,5.344,10.0,4.0,2.44,0.0,28.37,1337.0,0.0,2.21,1.28,0.45,1.725
5.82,4.75,6.666666667,2.333333333,3.146666667,3.333333333,17.46,860.0,10.0,0.92,0.52,31.35,1.1
5.38,5.07625,9.583333333,2.708333333,2.683333333,0.416666667,25.824,1218.0,2.0,4.17,0.8,7.46,1.86
4.38594,5.5850208,9.858,3.316,2.4258,0.142,21.9297,1599.41,0.71,7.77,1.43,16.88,1.38
3.292,7.1172,10.0,6.0,1.2,0.0,16.46,1525.0,0.0,8.23,2.54,10.58,3.0
5.632,4.876,5.0,2.0,3.22,5.0,11.264,380.6,10.0,6.58,1.04,4.97,2.23
2.569565217,7.176991304,8.782608696,3.826086957,0.994782609,1.217391304,59.1,6487.0,28.0,11.4,2.41,26.18,2.79
8.10225,5.2486,4.95,3.0,2.22,5.05,16.2045,422.7,10.1,6.61,0.55,12.691,0.256
2.74037037,4.038888889,10.0,1.703703704,3.472592593,0.0,147.98,20152.0,0.0,4.37,1.04,48.36,1.18
5.0825,4.5825,2.5,2.5,2.11,7.5,20.33,798.0,30.0,6.77,1.14,,1.46
3.985833333,4.905833333,10.0,2.833333333,2.333333333,0.0,47.83,3073.0,0.0,2.09,1.33,4.1,3.4
6.413,4.69714,3.0,1.8,2.932,7.0,64.13,2251.0,70.0,7.09,1.29,15.4,1.38
4.242,6.57808,6.0,3.6,1.088,4.0,21.21,1068.0,20.0,11.4,1.86,19.65,2.67
2.18,7.142142857,7.857142857,3.571428571,0.92,2.142857143,30.52,3404.0,30.0,6.24,2.06,17.27,4.145
5.066363636,5.146218182,9.818181818,3.272727273,2.181818182,0.181818182,55.73,2705.0,2.0,8.2,1.33,,1.96
4.243333333,5.65,6.666666667,4.0,1.666666667,3.333333333,12.73,688.0,10.0,3.66,0.38,25.98,2.05
5.05375,4.8825,8.25,2.75,2.555,1.75,40.43,2130.0,14.0,7.09,1.52,24.31,2.19
4.13625,5.0525,7.5,2.625,2.61,2.5,33.09,2003.0,20.0,8.43,1.51,9.58,2.32
7.9561,5.237588,5.0,3.0,2.2668,5.0,15.9122,432.06,10.0,6.61,0.55,,0.28
3.5075,5.327516667,10.0,3.833333333,2.406666667,0.0,42.09,3258.0,0.0,3.83,1.43,35.22,2.3
7.588571429,4.599357143,1.428571429,2.571428571,3.588571429,8.571428571,53.12,1812.0,60.0,2.72,1.03,8.86,0.23
3.7425,5.243333333,8.166666667,2.833333333,2.406666667,1.833333333,44.91,3465.0,22.0,5.24,1.51,6.03,1.87
4.082,4.6355,8.5,2.0,3.22,1.5,8.164,543.7,3.0,5.31,1.03,,2.3
5.295703461,7.691934938,9.078435388,3.805242679,1.610894942,0.921564612,258.5892,20023.74,45.0,16.6,2.56,31.38,0.23
4.982857143,5.434328571,10.0,5.285714286,2.0,0.0,34.88,1442.0,0.0,0.45,1.25,2.52,0.58
6.21125,4.80375,5.0,2.125,3.22,5.0,49.69,1751.0,40.0,4.17,0.85,9.79,1.1
3.643,4.453,7.0,2.0,3.132,3.0,7.286,591.2,6.0,5.49,0.7,10.13,2.12
6.093333333,5.016666667,5.555555556,2.555555556,2.862222222,4.444444444,54.84,2202.0,40.0,4.17,0.8,9.79,0.6
3.25,6.6796,6.666666667,4.0,1.0,3.333333333,9.75,577.0,10.0,9.75,1.79,11.08,3.455
8.053333333,4.253333333,0.0,1.333333333,4.293333333,10.0,24.16,873.0,30.0,2.72,0.57,4.44,1.0725
5.0,5.036816667,8.333333333,2.833333333,2.24,1.666666667,30.0,1050.0,10.0,5.6,1.48,5.47,2.07
8.16,4.89,0.0,2.666666667,3.26,10.0,24.48,772.0,30.0,5.76,0.47,0.11,1.8
4.8425,4.88,6.25,2.25,3.415,3.75,38.74,2267.0,30.0,8.43,1.04,48.83,3.28
2.802083333,6.768333333,8.333333333,3.416666667,1.198333333,1.666666667,67.25,5806.0,40.0,7.31,2.1,27.48,4.22
6.855,4.7125,5.0,2.0,3.61,5.0,27.42,1018.0,20.0,2.92,0.66,21.51,0.363333333
5.54,7.165633333,6.666666667,3.333333333,1.48,3.333333333,16.62,294.0,10.0,13.5,1.28,2.995,3.4
3.899411765,5.425741176,9.647058824,3.294117647,2.235294118,0.352941176,66.29,5193.0,6.0,15.07,1.66,,2.21
3.55875,5.3625,7.5,3.25,2.5,2.5,28.47,2179.0,20.0,5.24,1.51,6.03,2.35
3.455263158,4.314736842,8.947368421,2.0,4.0,1.052631579,6.565,1115.3,2.0,2.29,1.32,89.55,0.3
6.565714286,5.131428571,4.285714286,4.0,2.471428571,5.714285714,45.96,1772.0,40.0,0.76,1.05,10.35,1.6
6.365,4.945,10.0,3.5,3.05,0.0,12.73,630.0,0.0,1.27,1.08,20.56,1.04
7.8905,5.24268,5.0,3.0,2.298,5.0,15.781,433.6,10.0,6.61,0.61,2.231,0.123333333
4.374545455,5.193636364,9.090909091,2.909090909,2.343636364,0.909090909,48.12,2528.0,10.0,10.18,1.52,16.94,1.6
4.815,4.61,6.0,2.0,3.22,4.0,9.63,564.0,8.0,5.49,0.7,27.04,1.4
6.515,5.018875,7.5,3.5,3.06,2.5,26.06,999.0,10.0,4.17,1.26,6.36,2.1
5.015,4.5075,10.0,2.0,3.11,0.0,10.03,608.0,0.0,3.2,0.56,22.11,2.12
5.4425,5.38295,7.5,3.0,2.61,2.5,21.77,1042.0,10.0,9.83,0.9,25.98,2.185
5.325714286,5.138571429,7.142857143,2.857142857,2.411428571,2.857142857,37.28,1574.0,20.0,3.81,1.33,,2.625
5.658571429,5.042857143,8.571428571,2.571428571,2.76,1.428571429,39.61,1592.0,10.0,3.86,0.86,,2.376666667
5.8198,4.66915,9.95,2.0,3.22,0.05,11.6396,587.6,0.1,0.96,0.55,,0.7
3.305,5.36,10.0,3.5,2.5,0.0,6.61,542.0,0.0,2.97,0.09,6.03,2.5
6.2989,4.5851,4.95,2.0,3.22,5.05,12.5978,545.8,10.1,1.23,0.62,14.28,0.72
2.9975,4.7875,7.5,2.5,2.11,2.5,11.99,962.0,10.0,6.77,1.55,1.54,3.573333333
3.842857143,5.485728571,7.142857143,4.142857143,2.285714286,2.857142857,26.9,1818.0,20.0,4.62,1.43,,1.2
4.507142857,5.111428571,5.714285714,2.571428571,2.76,4.285714286,31.55,1714.0,30.0,6.58,1.04,4.47,2.36
0.766521739,7.064347826,10.0,3.47826087,0.869565217,0.0,17.63,5756.0,0.0,3.5,2.79,7.53,7.6
1.93,6.55,9.6,2.8,1.24,0.4,9.65,1544.0,2.0,6.66,2.57,13.88,3.2
6.645,6.059225,7.5,2.5,2.61,2.5,26.58,695.0,10.0,10.0,1.33,,1.56
4.98,5.696266667,6.666666667,4.0,1.666666667,3.333333333,14.94,598.0,10.0,7.68,0.73,9.58,1.9
2.064210526,7.483557895,6.842105263,4.105263158,0.315789474,3.157894737,39.22,4079.0,60.0,9.75,1.79,11.08,3.3
7.31625,4.68625,0.0,2.125,3.22,10.0,58.53,1593.0,80.0,2.72,0.63,,0.85
8.223333333,6.538966667,0.0,3.0,2.146666667,10.0,49.34,730.0,60.0,8.57,0.73,15.195,1.85
6.499285714,4.442142857,3.571428571,1.428571429,4.211428571,6.428571429,18.198,887.4,18.0,6.89,0.98,11.33,2.3
6.6925,5.2525,8.0,5.0,2.945,2.0,26.77,1237.0,8.0,7.61,0.92,14.81,0.7
2.805882353,7.166635294,9.117647059,3.705882353,1.372941176,0.882352941,47.7,5544.0,15.0,10.2,2.53,31.78,1.92
4.45,5.63,7.5,2.75,2.635,2.5,17.8,1222.0,10.0,8.96,2.56,12.83,3.03
5.351724138,5.277337931,6.896551724,2.965517241,2.619310345,3.103448276,38.8,1978.0,22.5,9.33,1.04,,1.83
4.54195,4.59145,5.05,2.0,3.2178,4.95,9.0839,558.83,9.9,5.49,0.7,10.13,1.3
5.973333333,4.883333333,5.0,2.666666667,2.813333333,5.0,35.84,1540.0,30.0,0.92,0.52,31.35,0.845
3.381428571,4.992857143,7.142857143,2.857142857,2.46,2.857142857,47.34,3449.0,40.0,6.45,1.65,5.6,2.333333333
2.735,4.575,5.0,3.0,0.5,5.0,5.47,268.0,10.0,4.39,1.33,4.82,5.84
3.018095238,6.853809524,5.238095238,3.714285714,1.142857143,4.761904762,63.38,5049.0,100.0,6.69,1.74,19.65,2.72
1.391666667,6.245833333,9.666666667,3.166666667,1.166666667,0.333333333,16.7,3175.0,4.0,4.54,2.56,,3.26
8.175,6.13807,5.0,2.0,3.22,5.0,16.35,308.4,10.0,8.71,0.86,4.395,0.95
3.872,4.98406,10.0,5.4,2.4,0.0,19.36,1164.0,0.0,3.42,1.16,,1.2
2.075,4.575,10.0,2.5,3.5,0.0,4.15,767.0,0.0,0.51,0.35,49.89,2.0
7.366666667,4.01,3.333333333,4.333333333,4.26,6.666666667,22.1,1301.0,20.0,2.39,0.71,2.97,0.55
7.193333333,5.103333333,6.666666667,2.666666667,3.26,3.333333333,21.58,832.0,10.0,7.21,0.7,,0.4
5.8025,4.66925,9.95,2.0,3.22,0.05,11.605,587.7,0.1,5.49,0.7,27.04,1.43
2.7616,5.527352,10.0,3.44,2.24,0.0,69.04,6898.0,0.0,7.25,1.51,,3.3
8.81275,5.0918,0.05,3.0,2.22,9.95,17.6255,393.3,19.9,6.61,0.55,12.691,0.297
8.817955,5.0901248,0.0,3.0,2.22078,10.0,17.63591,393.106,20.0,5.16,0.38,12.691,0.235
8.809775,5.088924,0.0,2.9975,2.2225,10.0,17.61955,393.235,20.0,5.16,0.56,14.23,0.43
6.761111111,4.867777778,2.222222222,2.333333333,2.64,7.777777778,60.85,1373.0,70.0,3.72,0.82,21.51,2.095
6.155,5.32775,10.0,5.0,2.4,0.0,12.31,434.0,0.0,2.73,1.26,1.94,0.46
4.565,4.595,5.0,2.0,3.22,5.0,9.13,558.0,10.0,5.49,0.7,2.6,1.368835
4.086666667,5.4268,9.333333333,4.266666667,2.376,0.666666667,61.3,3887.0,10.0,5.45,1.44,18.15,2.23
8.913333333,6.311166667,8.0,4.666666667,3.26,2.0,26.74,1349.0,6.0,20.53,1.1,30.08,2.0
1.20952381,7.14047619,9.047619048,3.428571429,0.994285714,0.952380952,25.4,5412.0,20.0,7.31,2.64,,3.97
3.57625,5.251475,8.5,3.25,2.555,1.5,28.61,2362.0,12.0,10.08,1.26,,1.3
7.22,4.725,2.5,2.25,3.22,7.5,28.88,964.0,30.0,4.6,0.63,11.9,1.1
8.027,5.25245,5.0,3.0,2.22,5.0,16.054,425.6,10.0,9.33,0.73,4.97,0.257
1.6925,8.7275,10.0,4.5,0.775,0.0,6.77,593.0,0.0,6.77,3.17,,5.6
7.15,4.8249,5.714285714,1.857142857,3.617142857,4.285714286,50.05,1996.0,30.0,4.17,1.21,6.36,0.16
3.695,5.245,10.0,3.0,3.0,0.0,7.39,656.0,0.0,3.25,0.68,35.22,1.690090909
4.119,5.143,7.0,2.9,2.588,3.0,41.19,2525.0,30.0,8.97,1.66,15.77,2.04
3.52,7.22772,10.0,2.8,1.2,0.0,17.6,1349.0,0.0,8.8,2.52,,5.42
5.295862069,4.916206897,5.517241379,2.206896552,3.067586207,4.482758621,153.58,7268.0,130.0,8.63,1.7,18.15,2.0
4.663255814,7.691437209,8.76744186,3.558139535,1.532093023,1.23255814,200.52,16748.0,53.0,16.6,2.36,31.38,2.59
1.83,4.341666667,10.0,2.333333333,3.0,0.0,10.98,1939.0,0.0,1.47,1.38,49.89,1.72
2.370909091,6.757272727,8.181818182,3.454545455,1.170909091,1.818181818,26.08,2577.0,20.0,7.31,2.1,27.48,4.62
3.62125,5.55875,6.25,3.5,2.18,3.75,28.97,2004.0,30.0,7.31,1.3,18.15,1.8
5.349375,5.42751875,7.5,4.3125,2.25,2.5,85.59,3625.0,40.0,1.9,1.25,,1.08
6.171627907,4.647674419,5.581395349,2.093023256,3.145116279,4.418604651,13.269,583.25,9.5,1.9,0.75,14.28,0.66
4.875714286,5.155714286,9.523809524,2.952380952,2.36952381,0.476190476,102.39,4890.0,10.0,3.81,1.33,2.16,2.16
4.962857143,5.451257143,2.142857143,3.857142857,0.642857143,7.857142857,69.48,1614.0,110.0,7.88,1.48,9.21,1.85
7.3992,5.209216,0.0,3.6,2.4,10.0,36.996,1027.0,50.0,3.51,0.25,8.57,0.161
1.773333333,7.126666667,10.0,3.333333333,1.333333333,0.0,5.32,875.0,0.0,5.32,1.81,36.72,5.576666667
1.541052632,6.684736842,7.894736842,3.368421053,0.736842105,2.105263158,58.56,8672.0,80.0,6.24,2.68,,3.63
5.928571429,5.540414286,10.0,3.285714286,2.285714286,0.0,41.5,1668.0,0.0,3.76,1.25,4.37,1.8
4.416923077,7.645684615,8.615384615,3.769230769,1.350769231,1.384615385,57.42,4463.0,18.0,19.3,2.51,35.18,3.26
2.67,4.858571429,8.571428571,3.142857143,2.285714286,1.428571429,18.69,1774.0,10.0,5.76,1.38,6.82,2.32
4.60375,4.86125,6.25,2.5,2.86,3.75,36.83,2036.0,30.0,9.64,1.65,18.15,2.2
7.633,5.16788,3.25,3.0,2.493,6.75,15.266,449.6,13.5,6.61,0.61,12.691,0.09
6.815,5.1421,9.5,2.0,3.0,0.5,13.63,700.0,1.0,2.17,1.01,17.65,0.63
4.2125,4.58,7.5,2.0,3.22,2.5,8.425,579.5,5.0,5.49,0.7,4.93,1.9
0.841052632,6.746842105,10.0,2.842105263,1.052631579,0.0,15.98,6055.0,0.0,2.34,3.28,,7.33
2.946,6.252,10.0,4.4,0.8,0.0,14.73,1165.0,0.0,0.87,0.01,99.71,3.7
5.880206186,5.111443299,5.87628866,2.731958763,2.655670103,4.12371134,28.519,1147.2,20.0,4.17,0.8,,1.32
4.572542373,5.113242373,10.0,4.084745763,2.169491525,0.0,33.7225,1656.0,0.0,4.35,1.36,34.34,2.0
4.402,5.55568,9.6,2.8,2.4,0.4,22.01,1633.0,2.0,5.83,1.39,8.33,2.55
4.908,5.720046667,6.666666667,2.533333333,2.621333333,3.333333333,73.62,3237.0,50.0,12.53,1.54,,2.45
6.135,5.6547,0.0,4.5,0.75,10.0,24.54,528.0,40.0,4.82,0.44,3.48,1.931571429
8.245,5.65845,4.5,0.5,3.72,5.5,16.49,439.0,11.0,10.51,0.37,,0.24
3.137272727,6.346363636,6.363636364,2.363636364,1.907272727,3.636363636,34.51,2389.5,40.0,7.31,2.16,7.1,2.99
2.935714286,4.544857143,8.285714286,3.028571429,2.374857143,1.714285714,102.75,7975.0,60.0,6.57,1.65,10.33,2.3
3.552222222,5.183333333,7.777777778,2.888888889,2.32,2.222222222,31.97,2241.0,20.0,5.24,1.51,6.03,2.47
3.33,5.09,7.5,2.5,2.11,2.5,13.32,880.0,10.0,5.44,1.7,1.54,3.4
3.161428571,5.064285714,9.714285714,2.857142857,2.285714286,0.285714286,22.13,2140.0,2.0,4.6,1.45,6.82,2.7
6.76,4.6575,2.5,2.0,3.22,7.5,13.52,525.0,15.0,1.58,0.59,24.44,0.1
10.585,6.20455,5.0,0.5,3.22,5.0,21.17,445.0,10.0,17.43,0.74,10.46,2.3
7.1309,4.909783,0.0,2.0,3.22,10.0,14.2618,318.2,20.0,7.26,0.62,15.195,1.695
3.889655172,5.292468966,8.620689655,2.965517241,2.267586207,1.379310345,112.8,7449.0,40.0,9.53,1.7,35.22,1.95
7.48125,5.1571125,0.0,2.0,3.22,10.0,14.9625,310.5,20.0,7.26,0.62,15.195,1.31
2.835294118,7.183447059,9.117647059,3.823529412,1.372941176,0.882352941,48.2,5564.0,15.0,10.2,2.52,,1.375
4.87,4.955,5.0,3.0,2.0,5.0,9.74,377.0,10.0,2.74,1.1,,3.4
5.396666667,4.856666667,4.333333333,2.888888889,2.271111111,5.666666667,48.57,2054.0,51.0,2.74,1.1,11.9,1.08
5.74,5.22005,5.0,5.5,2.0,5.0,11.48,375.0,10.0,1.0,1.02,,2.007
9.191,6.237684,0.0,2.0,3.22,10.0,18.382,272.28,20.0,7.26,0.63,15.195,0.21
3.89,5.2398875,8.75,2.625,2.305,1.25,31.12,1977.0,10.0,18.44,1.65,,2.63
6.71,3.906666667,3.333333333,4.333333333,4.26,6.666666667,20.13,1162.0,20.0,4.36,0.65,4.42,0.42
7.735714286,4.667342857,1.428571429,1.714285714,3.617142857,8.571428571,54.15,1896.0,60.0,2.72,0.99,6.43,0.34
2.645,4.7725,10.0,2.5,2.11,0.0,10.58,1005.0,0.0,5.36,1.55,3.87,3.843333333
7.953333333,4.69,7.333333333,4.666666667,3.926666667,2.666666667,23.86,1160.0,8.0,6.67,0.72,,1.15
5.363333333,4.99,9.333333333,3.333333333,2.666666667,0.666666667,16.09,1063.0,2.0,1.72,1.14,10.21,2.0
6.904,5.30968,3.6,2.8,2.4,6.4,34.52,1387.0,32.0,1.66,0.98,7.44,0.74
4.045,4.966855556,9.888888889,3.138888889,2.083333333,0.111111111,145.62,8411.0,4.0,10.17,1.48,15.44,2.07
6.21,5.085,5.0,3.0,3.0,5.0,12.42,564.0,10.0,0.96,0.23,7.83,1.6
2.6875,5.245,7.5,2.5,2.11,2.5,10.75,837.0,10.0,7.13,2.51,8.32,3.7
4.282166667,5.268904,7.634166667,3.285,2.333333333,2.365833333,102.772,6447.28,56.78,7.68,1.45,9.58,1.0
1.746666667,6.453366667,10.0,3.0,0.666666667,0.0,5.24,614.0,0.0,5.24,1.21,8.62,1.85
4.717333333,5.81338,8.0,2.533333333,2.621333333,2.0,70.76,3341.0,30.0,11.97,1.66,,2.8
4.132,5.37909,7.0,3.1,2.432,3.0,41.32,2555.0,30.0,5.24,1.36,5.94,1.31
7.995,5.00795,5.0,2.25,3.22,5.0,31.98,920.0,20.0,7.11,0.86,7.158,0.72
3.86,4.565,10.0,2.0,3.22,0.0,7.72,601.0,0.0,4.08,0.66,,2.76
5.215,4.8847,7.5,3.0,2.0,2.5,20.86,747.0,10.0,8.22,1.48,9.11,0.846666667
8.07185,5.248098,5.0,3.0,2.2278,5.0,16.1437,424.51,10.0,6.61,0.55,32.141,0.23
2.813043478,6.514034783,7.391304348,3.391304348,1.130434783,2.608695652,64.7,5191.0,60.0,9.75,2.51,11.08,2.76
6.422758621,5.164137931,3.448275862,3.655172414,2.379310345,6.551724138,18.626,730.3,19.0,0.53,1.02,10.6,1.0
4.90962963,4.472962963,9.259259259,1.703703704,3.588148148,0.740740741,265.12,17050.0,40.0,6.16,1.02,34.85,0.297
2.490625,6.674375,7.125,3.125,1.5825,2.875,39.85,4108.0,46.0,7.13,2.35,20.68,2.96
8.76875,5.091748,0.1,3.0,2.2278,9.9,17.5375,395.63,19.8,9.33,0.73,35.22,0.32
5.401666667,5.087583333,8.333333333,3.166666667,2.373333333,1.666666667,32.41,1079.0,10.0,6.78,1.52,6.54,2.46
2.506666667,6.9348,8.0,3.5,1.166666667,2.0,30.08,3343.0,24.0,9.75,2.51,20.68,2.09
5.506,5.193,5.0,3.0,3.0,5.0,11.012,549.8,10.0,5.24,0.79,5.31,1.0
7.81,4.709557143,1.428571429,2.0,3.617142857,8.571428571,54.67,1922.0,60.0,2.83,0.97,6.85,0.24
4.008181818,4.98,9.090909091,2.909090909,2.221818182,0.909090909,44.09,2276.0,10.0,7.12,1.48,6.03,2.58
3.638030303,7.003957576,6.318181818,3.621212121,1.166666667,3.681818182,240.11,15691.0,243.0,9.75,2.35,20.68,3.25
5.475,4.835,3.333333333,2.666666667,2.406666667,6.666666667,32.85,1082.0,40.0,3.63,1.1,10.17,2.1
6.58,7.0223,6.666666667,3.333333333,1.48,3.333333333,19.74,285.0,10.0,10.38,1.02,2.995,3.59
6.531428571,4.522857143,5.571428571,1.857142857,3.617142857,4.428571429,45.72,2118.0,31.0,4.49,1.2,6.36,0.88
4.664827586,5.233889655,7.586206897,3.034482759,2.313103448,2.413793103,33.82,1916.5,17.5,10.86,1.55,,1.95
1.765,5.3425,10.0,2.5,3.0,0.0,7.06,1471.0,0.0,5.32,1.8,36.58,4.3
5.412857143,5.035714286,8.571428571,2.714285714,2.982857143,1.428571429,37.89,1930.0,10.0,8.17,0.86,44.96,2.63
5.3464,5.3884,9.6,2.8,2.4,0.4,133.66,7617.0,10.0,6.66,2.57,6.47,1.93
6.6811,4.5949,0.05,2.0,3.22,9.95,13.3622,330.2,19.9,1.23,0.62,14.28,2.1
2.095714286,6.752857143,9.142857143,3.857142857,1.254285714,0.857142857,14.67,2198.0,6.0,10.2,2.51,31.78,3.82
7.035,4.82,5.0,2.0,3.89,5.0,14.07,657.0,10.0,9.93,0.88,15.88,0.5
8.364,5.08267,0.75,3.0,2.337,9.25,16.728,420.15,18.5,6.08,0.32,32.141,0.36
4.173333333,4.788888889,7.555555556,2.222222222,2.764444444,2.444444444,37.56,2312.0,22.0,8.63,1.7,13.73,2.44
4.07,4.8075,10.0,3.0,2.0,0.0,16.28,865.0,0.0,4.76,1.36,25.1,1.595
3.87955,4.56605,10.0,2.0,3.22,0.0,7.7591,600.87,0.0,4.08,0.66,27.04,2.23
1.063076923,6.437692308,10.0,2.615384615,1.076923077,0.0,13.82,3699.0,0.0,2.7,2.83,49.98,4.13
8.07455,5.249448,5.0,3.0,2.2278,5.0,16.1491,424.06,10.0,6.61,0.61,2.231,0.31
7.13,5.1542,6.25,2.75,2.6775,3.75,57.04,1871.0,30.0,7.11,1.25,3.63,0.93
4.582222222,5.066666667,5.555555556,2.555555556,2.862222222,4.444444444,41.24,2462.0,40.0,6.89,0.98,11.33,1.2
2.824285714,4.681428571,10.0,1.285714286,3.0,0.0,39.54,7480.0,0.0,3.39,0.09,22.5,1.51
3.886363636,4.907272727,9.090909091,2.909090909,2.221818182,0.909090909,42.75,2284.0,10.0,7.79,1.47,6.03,2.58
6.093333333,5.016666667,5.555555556,2.555555556,2.862222222,4.444444444,27.42,1101.0,20.0,4.17,0.8,9.79,1.24
6.75,7.54345,5.0,2.5,2.22,5.0,27.0,364.0,20.0,13.5,1.28,0.935,3.38
1.780769231,6.486153846,8.461538462,2.461538462,1.452307692,1.538461538,23.15,3803.0,20.0,7.13,2.83,49.98,5.69
4.126363636,5.039090909,6.363636364,2.545454545,2.625454545,3.636363636,45.39,2753.0,40.0,7.09,1.7,18.15,1.6
8.68,5.784833333,7.666666667,4.333333333,3.926666667,2.333333333,26.04,1295.0,7.0,20.58,0.79,,1.05
1.709166667,6.965833333,9.5,3.666666667,1.166666667,0.5,20.51,3427.0,6.0,6.11,2.64,20.68,2.13
5.513333333,5.123333333,7.666666667,5.0,3.26,2.333333333,16.54,1201.0,7.0,10.33,1.14,22.28,1.8
4.523636364,4.918181818,8.181818182,2.727272727,2.261818182,1.818181818,49.76,2547.0,20.0,6.77,1.37,,2.3
3.932465209,6.056689066,9.071570577,2.819085487,3.280318091,0.928429423,19.7803,2673.02,4.67,16.6,2.45,31.38,1.93
1.831764706,6.407552941,9.529411765,2.941176471,1.176470588,0.470588235,31.14,4876.0,8.0,7.9,2.78,15.23,3.3
2.422985075,4.607674627,9.985074627,1.0,3.0,0.014925373,162.34,38216.0,1.0,5.56,0.92,,1.27
9.1425,6.194415,0.0,2.0,3.22,10.0,18.285,273.3,20.0,7.26,0.63,15.195,0.31
4.518666667,4.872,6.0,2.6,2.754666667,4.0,67.78,3771.0,60.0,9.64,1.65,,2.2
5.821428571,5.081428571,7.142857143,2.714285714,2.982857143,2.857142857,40.75,1866.0,20.0,4.17,0.8,,1.3
3.113333333,5.586666667,8.888888889,4.0,0.444444444,1.111111111,28.02,1041.0,10.0,4.71,1.73,,2.14
2.284285714,7.2042,8.857142857,4.071428571,1.055714286,1.142857143,31.98,3547.0,16.0,9.75,2.22,13.58,2.54
6.3575,4.725,7.5,2.0,3.61,2.5,25.43,1093.0,10.0,3.33,0.66,,0.658888889
4.155454545,5.149090909,7.272727273,2.727272727,3.029090909,2.727272727,45.71,2984.0,30.0,8.68,1.04,10.64,2.49
2.141176471,6.289411765,7.647058824,2.352941176,1.632941176,2.352941176,36.4,4574.0,40.0,7.13,2.78,49.98,2.32
4.8375,4.6175,10.0,2.0,3.22,0.0,9.675,594.5,0.0,4.08,0.66,27.04,2.0
5.4125,5.43735,2.5,3.75,1.875,7.5,43.3,1690.0,60.0,7.68,0.79,9.58,1.06
6.202608696,5.195234783,6.52173913,3.391304348,2.260869565,3.47826087,142.66,4783.0,80.0,8.89,1.48,9.11,0.64
7.74775,5.21867,5.0,3.0,2.337,5.0,15.4955,445.65,10.0,6.61,0.55,32.141,0.32
4.0825,5.36605,9.5,3.0,2.5,0.5,32.66,2800.0,4.0,5.83,1.39,,1.88
4.639375,4.9475,6.875,2.4375,3.1375,3.125,74.23,4368.0,50.0,8.97,1.66,,2.4
6.548333333,4.848333333,5.0,2.166666667,3.22,5.0,39.29,1374.0,30.0,4.17,0.86,9.79,1.66
4.234761905,5.238619048,7.380952381,4.142857143,2.806666667,2.619047619,88.93,5653.0,55.0,5.45,1.44,18.15,1.5
4.392,4.592,9.0,2.0,3.22,1.0,8.784,589.8,2.0,5.49,0.7,27.04,2.15
2.641111111,3.97962963,10.0,1.703703704,3.472592593,0.0,142.62,20184.0,0.0,5.04,1.03,,1.18
5.515,5.6,5.0,4.0,2.0,5.0,5.515,212.0,5.0,1.45,0.23,10.8,1.0
2.872857143,5.1943,10.0,3.857142857,2.0,0.0,20.11,1686.0,0.0,4.87,1.65,25.98,1.89
2.888,6.69,6.0,2.8,1.688,4.0,14.44,1180.0,20.0,7.31,2.16,7.1,3.9
0.964375,6.67375,10.0,2.75,1.125,0.0,15.43,5143.0,0.0,2.34,2.83,,6.53
3.307828773,5.326566637,9.443954104,3.0,2.47043248,0.556045896,37.4777,3760.46,6.3,4.62,1.45,48.83,1.92
4.940740741,5.09962963,9.62962963,2.814814815,2.41037037,0.37037037,133.4,6133.0,10.0,5.15,1.33,2.16,2.6
7.74735,5.237416,5.0,3.0,2.3526,5.0,15.4947,441.02,10.0,6.61,0.61,2.231,0.035
9.09,4.28352,0.0,1.2,3.864,10.0,45.45,750.0,50.0,1.1,0.38,5.11,0.2
6.435217391,5.384417391,5.652173913,3.391304348,2.337391304,4.347826087,148.01,5307.0,100.0,6.61,0.55,,0.65
2.475384615,4.580007692,10.0,3.0,2.0,0.0,64.36,6084.0,0.0,4.35,1.54,35.22,2.15
7.2025,5.411416667,4.166666667,2.333333333,2.416666667,5.833333333,17.286,566.8,14.0,2.31,0.99,6.43,0.6
4.06,6.67008,6.6,4.2,1.644,3.4,20.3,1368.0,17.0,11.4,2.18,15.97,0.28
8.4575,5.1702,2.5,3.0,2.22,7.5,16.915,408.0,15.0,6.61,0.55,,0.285
0.683333333,7.512222222,9.888888889,2.888888889,0.666666667,0.111111111,6.15,2577.0,1.0,6.15,2.58,5.98,4.76
4.93,5.200611111,10.0,3.444444444,2.248888889,0.0,44.37,1988.0,0.0,4.02,1.33,3.04,2.27
2.276,4.24325,10.0,2.0,3.0022,0.0,4.552,640.6,0.0,4.08,0.67,10.13,2.49
5.976,5.4147,8.8,3.6,3.556,1.2,29.88,2051.0,6.0,20.78,0.83,31.14,0.5
2.448571429,6.978571429,8.857142857,4.0,1.428571429,1.142857143,17.14,2697.0,8.0,8.57,2.41,,3.08
4.781428571,5.224285714,8.571428571,3.142857143,2.285714286,1.428571429,33.47,1570.0,10.0,3.81,1.33,1.06,1.9
4.9,4.6075,5.0,2.0,3.61,5.0,19.6,1044.0,20.0,6.83,0.77,,1.30625
6.775,5.015,0.0,3.0,3.0,10.0,13.55,499.0,20.0,1.07,0.38,10.46,0.33
4.91,4.66,7.5,2.0,3.22,2.5,9.82,479.5,5.0,5.31,0.85,,2.13
7.686,5.23516,5.0,3.0,2.376,5.0,15.372,444.2,10.0,6.61,0.61,2.231,0.066
7.58375,5.2314,5.0,3.0,2.415,5.0,15.1675,449.5,10.0,6.61,0.61,2.231,0.04
2.604210526,7.215136842,8.421052632,4.0,1.134736842,1.578947368,49.48,5421.0,30.0,10.2,2.36,31.78,3.15
1.83,4.815,10.0,3.0,0.5,0.0,3.66,273.0,0.0,2.58,1.62,2.29,7.725
1.144210526,6.214210526,9.473684211,2.526315789,1.181052632,0.526315789,21.74,5813.0,10.0,7.13,2.67,,3.2
4.642,4.607,10.0,2.0,3.22,0.0,9.284,595.8,0.0,4.08,0.66,27.04,2.1
6.6,4.65,6.0,3.5,3.805,4.0,26.4,1210.0,16.0,4.17,0.91,,0.155
4.266,4.042,4.0,2.0,2.088,6.0,21.33,705.0,30.0,6.27,1.24,,3.0
4.402222222,4.353155556,7.555555556,2.222222222,2.764444444,2.444444444,39.62,2548.0,22.0,10.84,1.65,14.38,2.17
7.953333333,4.67,7.666666667,4.333333333,3.926666667,2.333333333,23.86,1247.0,7.0,6.67,0.76,,0.8
5.377857143,4.817985714,7.5,4.142857143,3.452857143,2.5,75.29,4191.0,35.0,9.83,1.2,,0.85
7.39325,5.7668025,5.0,2.0,3.22,5.0,14.7865,326.5,10.0,8.71,0.85,5.025,0.8
1.170140845,6.61028169,10.0,2.845070423,1.154929577,0.0,83.08,21785.0,0.0,3.5,2.64,,3.1
2.556666667,4.616666667,6.666666667,1.333333333,2.813333333,3.333333333,7.67,765.0,10.0,7.13,2.18,,1.945
3.164444444,4.227777778,10.0,1.814814815,3.6,0.0,170.88,20572.0,0.0,3.57,0.89,44.96,0.31
4.642666667,5.726713333,8.0,2.533333333,2.621333333,2.0,69.64,3387.0,30.0,12.53,1.54,35.22,2.68
3.6928125,6.98314375,6.25,3.578125,1.171875,3.75,236.34,15252.0,240.0,9.75,1.79,,2.91
0.938823529,6.99,10.0,3.529411765,0.882352941,0.0,15.96,4096.0,0.0,3.5,2.64,7.53,6.89
1.75,6.42,10.0,3.0,1.0,0.0,3.5,429.0,0.0,3.5,2.64,7.53,4.8
5.141666667,5.738433333,7.5,4.0,0.776666667,2.5,61.7,1648.0,30.0,8.86,1.5,,3.2
3.094929577,5.18971831,9.718309859,2.985915493,2.190422535,0.281690141,219.74,17554.0,20.0,4.62,1.51,18.15,2.84
2.265714286,4.651428571,10.0,1.285714286,3.0,0.0,31.72,7506.0,0.0,0.52,0.2,49.54,3.3
4.153,5.267,7.0,2.9,2.588,3.0,41.53,2518.0,30.0,8.63,1.7,15.77,2.04
8.9025,6.787105,5.0,2.0,3.22,5.0,17.805,293.1,10.0,8.71,0.86,4.395,1.373333333
2.24375,6.966458333,8.416666667,3.8125,1.166666667,1.583333333,107.7,15527.0,76.0,8.57,2.83,26.18,3.22
4.722,4.55,10.0,2.0,4.0,0.0,4.722,392.0,0.0,2.99,0.06,,0.86
4.908333333,4.918333333,6.666666667,2.333333333,3.48,3.333333333,29.45,1890.0,20.0,6.89,0.98,35.22,0.53
3.9575,4.7200125,10.0,3.375,2.0,0.0,31.66,1681.0,0.0,4.35,1.36,34.34,2.0
1.728333333,7.3019,10.0,3.166666667,1.0,0.0,10.37,1602.0,0.0,8.55,2.53,,6.38
2.2775,5.75,10.0,2.5,3.025,0.0,9.11,1875.0,0.0,6.77,2.06,49.84,4.0
1.950458716,6.879357798,8.073394495,3.394495413,0.878165138,1.926605505,212.6,25738.0,210.0,6.24,2.68,,4.45
1.466842105,7.146842105,8.105263158,3.894736842,0.578947368,1.894736842,27.87,4676.0,36.0,6.11,2.78,20.68,2.3
2.729411765,7.136376471,9.0,3.823529412,1.372941176,1.0,46.4,5758.0,17.0,10.2,2.52,31.78,4.12
4.28247,4.48385,10.0,2.0,4.0,0.0,4.28247,403.025,0.0,2.99,0.06,13.61,1.914
4.59,5.699466667,9.333333333,3.333333333,2.0,0.666666667,13.77,1104.0,2.0,11.7,2.59,15.88,2.22
2.505714286,4.581428571,10.0,1.142857143,2.857142857,0.0,17.54,3618.0,0.0,1.16,1.04,42.45,2.64
3.57,4.8,10.0,2.5,3.5,0.0,7.14,692.0,0.0,3.5,0.41,36.28,0.95
5.5505,5.21914,5.0,3.15,2.716,5.0,111.01,5153.0,100.0,7.68,0.98,11.33,0.72
1.477619048,6.52047619,9.571428571,3.428571429,1.19047619,0.428571429,31.03,5429.0,9.0,6.11,3.17,20.68,4.5
6.242222222,5.128488889,5.555555556,3.333333333,2.222222222,4.444444444,56.18,1812.0,40.0,8.22,1.48,15.3,0.8
6.49,5.506266667,3.333333333,4.0,1.666666667,6.666666667,19.47,541.0,20.0,4.96,0.48,4.61,1.3
6.21,5.808733333,8.333333333,3.166666667,2.373333333,1.666666667,37.26,1028.0,10.0,11.63,1.52,,2.374
2.978,6.894,6.0,3.2,1.288,4.0,14.89,1056.0,20.0,8.65,2.17,17.27,3.73
2.470588235,6.893529412,7.294117647,3.411764706,1.345882353,2.705882353,42.0,4385.0,46.0,8.65,2.35,20.68,2.48
6.43,4.46,5.0,1.5,3.72,5.0,12.86,433.0,10.0,1.4,0.65,,0.9
6.5425,4.6275,1.25,2.25,3.415,8.75,52.34,2047.0,70.0,6.63,0.62,43.23,1.47
5.536153846,6.7552,6.769230769,2.923076923,2.135384615,3.230769231,71.97,2183.0,42.0,13.5,1.65,,2.48
4.4,5.338988889,8.666666667,2.888888889,2.648888889,1.333333333,39.6,2723.0,12.0,6.89,1.44,11.33,1.37
1.103888889,6.8325,10.0,2.888888889,1.138888889,0.0,39.74,12082.0,0.0,3.5,3.25,49.98,7.1
4.747777778,5.041111111,8.777777778,2.888888889,2.271111111,1.222222222,42.73,2161.0,11.0,3.81,1.33,,2.31
8.72075,5.05519,0.125,3.075,2.3035,9.875,17.4415,397.25,19.75,5.16,0.72,12.691,0.37
0.702692308,6.841153846,10.0,3.307692308,0.615384615,0.0,18.27,6103.0,0.0,2.34,2.79,49.98,3.99
4.323076923,5.237692308,7.692307692,2.923076923,3.026153846,2.307692308,56.2,3996.0,30.0,10.18,0.88,16.94,2.12
3.029333333,6.990506667,9.6,3.333333333,1.2,0.4,45.44,4493.0,6.0,16.6,2.64,31.38,4.28
3.301428571,4.752414286,10.0,1.142857143,3.0,0.0,23.11,3755.0,0.0,6.73,0.91,30.3,3.5
6.496923077,6.744953846,6.846153846,2.846153846,2.272307692,3.153846154,84.46,2064.0,41.0,19.0,1.76,25.405,1.9
5.40625,4.9575,6.25,2.25,3.415,3.75,43.25,2173.0,30.0,8.43,1.04,35.22,2.32
4.69,5.22,5.0,3.0,3.0,5.0,9.38,581.0,10.0,5.24,0.79,5.31,1.196727273
4.059444444,5.406666667,10.0,3.333333333,2.111111111,0.0,73.07,4136.0,0.0,5.32,1.84,33.71,1.89
3.602,5.44,10.0,3.6,2.4,0.0,18.01,1311.0,0.0,2.97,0.09,6.03,2.4
4.632173913,6.489626087,6.52173913,2.826086957,2.24,3.47826087,106.54,3831.0,80.0,13.5,1.3,2.6,3.13
6.985,4.6975,6.0,3.5,3.805,4.0,27.94,1156.0,16.0,5.71,0.91,7.11,0.23
5.447333333,5.276666667,8.4,2.933333333,2.429333333,1.6,81.71,4240.0,24.0,2.52,1.27,16.61,1.76
4.122307692,7.594392308,8.615384615,4.153846154,1.273846154,1.384615385,53.59,4324.0,18.0,19.3,2.56,35.18,3.63
6.244,4.85575,5.0,2.0,3.22,5.0,12.488,357.2,10.0,6.58,1.04,,1.93
3.186,5.102,8.4,3.1,2.4,1.6,63.72,5634.0,32.0,5.76,1.45,6.82,1.45
0.43,6.44,10.0,3.0,0.5,0.0,0.86,169.0,0.0,0.86,3.39,2.07,10.3
2.758148148,4.603333333,8.518518519,2.592592593,3.407407407,1.481481481,148.94,20176.0,80.0,4.42,0.35,49.89,1.24
2.876666667,5.161111111,10.0,2.666666667,2.097777778,0.0,25.89,2125.0,0.0,4.03,1.7,,3.26
5.415,4.885,2.5,2.5,2.11,7.5,21.66,716.0,30.0,5.44,1.29,15.4,2.16
5.346666667,4.53,7.666666667,4.333333333,3.926666667,2.333333333,16.04,1273.0,7.0,10.58,0.87,23.34,0.9
6.73,4.82,5.0,3.0,3.05,5.0,13.46,618.0,10.0,0.08,0.82,,0.66
3.685,5.267,9.0,3.0,2.688,1.0,36.85,2925.0,10.0,5.24,0.93,35.22,2.04
1.774166667,7.046666667,8.083333333,3.666666667,1.0,1.916666667,21.29,3226.0,23.0,6.24,2.35,20.68,2.9
6.63,4.85875,5.0,2.25,3.415,5.0,53.04,1998.0,40.0,4.17,0.86,6.86,0.96
7.51,5.5359,5.0,3.0,1.72,5.0,15.02,294.0,10.0,8.78,0.97,1.148,2.991275
6.472857143,5.394414286,1.428571429,3.714285714,2.285714286,8.571428571,45.31,1464.0,60.0,0.73,0.95,,0.34
8.092955,5.2501248,5.0,3.0,2.22078,5.0,16.18591,423.106,10.0,6.61,0.61,,0.2775
5.797777778,5.277877778,8.666666667,2.888888889,2.604444444,1.333333333,52.18,2471.0,12.0,4.17,1.27,6.85,1.15
4.662172285,5.318014981,7.992509363,5.003745318,2.948539326,2.007490637,12.448,930.52,5.36,10.33,1.1,,1.5
3.89,4.765,6.666666667,2.5,2.74,3.333333333,46.68,3134.0,40.0,8.1,1.65,11.33,1.47
3.694444444,4.942222222,6.666666667,2.666666667,2.368888889,3.333333333,33.25,2233.0,30.0,6.34,1.54,1.54,2.18
1.928333333,7.211466667,8.333333333,3.666666667,1.0,1.666666667,11.57,1518.0,10.0,9.75,1.79,11.08,3.85
2.65,6.57576,8.0,3.6,1.0,2.0,13.25,1006.0,10.0,9.75,2.64,11.08,3.71
1.466,6.744,10.0,3.666666667,0.8,0.0,21.99,3286.0,0.0,4.79,2.56,8.08,4.4
6.05,5.006666667,8.666666667,4.0,3.0,1.333333333,18.15,1180.0,4.0,3.78,1.1,19.71,1.4
4.7575,4.85795,7.25,2.5,2.61,2.75,19.03,1118.0,11.0,9.83,1.32,,1.51
2.107142857,6.624342857,8.571428571,3.142857143,0.92,1.428571429,14.75,1593.0,10.0,11.4,2.79,4.579,4.35
5.0852,5.1696,7.6,3.04,2.48,2.4,127.13,5843.0,60.0,3.81,1.33,1.06,1.52
4.166,5.202,6.0,2.8,2.576,4.0,20.83,1323.0,20.0,5.24,0.97,1.54,2.0
3.362142857,5.784285714,8.571428571,3.857142857,0.642857143,1.428571429,47.07,1769.0,20.0,4.82,1.77,17.78,2.3
7.5736,5.069618,2.05,3.0,2.5398,7.95,15.1472,467.21,15.9,6.08,0.32,32.141,0.49
3.385,6.505,10.0,3.5,1.55,0.0,6.77,605.0,0.0,6.77,2.56,6.67,0.55
0.820555556,6.348333333,10.0,3.0,1.055555556,0.0,14.77,4929.0,0.0,2.34,3.12,49.98,6.53
3.48,5.148571429,10.0,3.428571429,2.314285714,0.0,24.36,1992.0,0.0,4.7,1.43,6.58,2.7
3.95,5.366,10.0,3.6,2.44,0.0,19.75,1549.0,0.0,4.7,1.43,,2.64
1.245555556,7.132222222,8.888888889,3.333333333,1.048888889,1.111111111,22.42,4992.0,20.0,7.31,2.1,,5.39
6.502,5.72276,10.0,3.2,2.4,0.0,32.51,1315.0,0.0,4.28,1.2,,1.66
4.065217391,7.406043478,9.347826087,3.47826087,1.47826087,0.652173913,93.5,8409.0,15.0,16.6,2.64,31.38,2.8
2.371791045,4.582089552,9.985074627,1.0,3.0,0.014925373,158.91,38241.0,1.0,2.13,0.91,,0.8
1.709473684,6.718947368,7.894736842,3.368421053,0.76,2.105263158,64.96,8592.0,80.0,6.24,2.68,17.27,3.85
4.621428571,4.722857143,5.714285714,2.285714286,2.982857143,4.285714286,32.35,1861.0,30.0,7.43,1.66,18.15,1.67
2.659090909,6.854545455,7.727272727,3.363636364,1.514545455,2.272727273,29.25,2890.0,25.0,10.2,2.36,31.78,4.2
6.973333333,5.3996,0.0,4.0,1.666666667,10.0,20.92,511.0,30.0,4.82,0.44,,0.46
6.703333333,4.753333333,6.666666667,2.0,3.48,3.333333333,20.11,716.0,10.0,2.92,0.66,21.51,1.066666667
3.906,5.338,9.6,2.8,2.48,0.4,19.53,1675.0,2.0,4.59,1.44,3.74,1.12
5.1011,5.113282,9.6,2.8,2.4,0.4,25.5055,1458.0,2.0,4.91,1.21,,1.2
4.96,7.393247059,8.117647059,3.294117647,1.816470588,1.882352941,84.32,6543.0,32.0,16.6,2.36,31.38,2.65
5.63,5.37,6.666666667,3.333333333,2.666666667,3.333333333,16.89,756.0,10.0,2.52,0.61,0.34,1.62
1.772,6.542,8.0,3.2,1.2,2.0,8.86,1227.0,10.0,7.31,2.51,8.32,4.4
8.13125,5.2422,4.75,3.0,2.22,5.25,16.2625,421.5,10.5,6.61,0.55,12.691,0.262
6.47375,4.6979225,4.75,2.0,3.22,5.25,12.9475,533.5,10.5,7.6,0.54,17.575,0.69
3.633076923,5.482830769,9.615384615,2.846153846,2.136923077,0.384615385,47.23,4324.0,5.0,19.0,2.56,13.78,1.95
4.187142857,5.805714286,9.0,3.285714286,2.254285714,1.0,29.31,2079.0,7.0,7.43,2.58,11.83,1.6
6.8475,4.9,5.0,2.25,3.22,5.0,27.39,981.0,20.0,5.71,0.86,,1.182857143
3.8575,5.2675,9.75,3.75,2.525,0.25,30.86,2660.0,2.0,4.93,1.46,15.18,1.83
9.917777778,6.2027,0.0,2.0,3.133333333,10.0,89.26,1335.0,90.0,7.26,0.54,,0.9
7.845714286,4.732728571,1.428571429,2.142857143,3.617142857,8.571428571,54.92,1837.0,60.0,3.08,0.96,4.44,0.14
1.196,6.25,9.6,2.8,1.2,0.4,5.98,1503.0,2.0,2.99,2.45,13.88,6.1
4.495862069,6.525655172,6.551724138,3.103448276,1.151724138,3.448275862,130.38,7252.0,100.0,11.4,1.86,,3.25
5.939,4.7531,5.05,2.0,3.22,4.95,11.878,360.43,9.9,5.31,0.85,,2.6
3.7725,6.1,10.0,4.5,0.75,0.0,15.09,638.0,0.0,2.61,0.45,22.41,2.6
2.5094,4.217,10.0,2.0,4.0,0.0,2.5094,447.5,0.0,2.99,0.06,,1.06
5.352945591,4.913170732,7.504690432,2.649155722,3.200750469,2.495309568,285.312,16980.1,133.0,1.31,0.46,29.12,0.8
5.31,4.675,7.5,2.25,3.11,2.5,21.24,1118.0,10.0,6.26,0.8,6.36,2.6
4.687142857,5.275971429,7.142857143,2.857142857,2.697142857,2.857142857,32.81,1918.0,20.0,9.83,0.97,35.22,2.3
6.285728155,4.60184466,4.951456311,2.038834951,3.188737864,5.048543689,12.9486,560.3,10.4,0.79,0.52,14.28,0.68
3.648383838,5.166060606,9.898989899,2.777777778,2.602020202,0.101010101,18.0595,1397.65,0.5,6.89,0.98,11.33,2.67
6.155,4.792271429,7.5,4.142857143,3.452857143,2.5,86.17,3983.0,35.0,7.11,1.02,12.758,0.67
3.326666667,4.766666667,6.666666667,2.0,1.333333333,3.333333333,9.98,355.0,10.0,4.37,1.29,15.4,3.5
3.355714286,6.807028571,7.142857143,3.142857143,1.205714286,2.857142857,23.49,1972.0,20.0,11.4,1.86,49.98,3.2
6.118888889,5.301822222,6.666666667,3.333333333,2.222222222,3.333333333,55.07,1835.0,30.0,7.88,1.52,9.21,0.43
7.69,5.70538,5.0,2.0,3.22,5.0,15.38,318.6,10.0,8.71,0.86,4.395,0.7
9.208988764,6.180192884,8.243445693,4.752808989,2.948539326,1.756554307,24.588,899.55,4.69,17.61,0.88,19.41,0.45
5.148333333,5.05925,8.333333333,3.166666667,2.373333333,1.666666667,30.89,1098.0,10.0,5.65,1.52,6.54,2.53
6.3525,4.58975,4.75,2.0,3.22,5.25,12.705,536.05,10.5,2.75,0.63,14.28,0.74
2.67,3.786666667,10.0,2.0,2.0,0.0,8.01,611.0,0.0,5.19,1.17,24.7,0.7
1.0175,5.23,10.0,2.5,3.0,0.0,4.07,1546.0,0.0,2.33,1.8,50.19,4.05
2.674,4.597428571,8.857142857,2.457142857,2.221714286,1.142857143,93.59,7675.0,40.0,6.27,1.65,35.22,3.34
6.443333333,4.903333333,1.666666667,2.666666667,2.813333333,8.333333333,38.66,1454.0,50.0,1.99,0.56,33.68,0.69
4.086923077,5.033076923,5.384615385,2.307692308,2.818461538,4.615384615,53.13,2423.0,60.0,7.13,1.36,5.6,2.71
6.52,4.7,5.0,2.0,3.22,5.0,13.04,545.0,10.0,1.58,0.59,,0.396785714
4.893333333,6.376266667,3.333333333,4.0,1.0,6.666666667,14.68,563.0,20.0,9.75,1.79,11.08,2.005
2.975,4.7725,7.5,2.5,2.305,2.5,23.8,1871.0,20.0,6.77,1.55,5.6,2.87
3.49375,4.60375,8.375,2.625,2.555,1.625,27.95,2086.0,13.0,8.97,1.66,19.18,1.83
2.858888889,6.631244444,7.722222222,2.444444444,1.653333333,2.277777778,51.46,5084.0,41.0,9.84,2.5,49.98,3.7
7.095555556,5.414592593,3.703703704,2.518518519,2.37037037,6.296296296,19.158,625.9,17.0,2.31,0.99,6.43,0.35
6.032,4.15,2.8,3.0,3.244,7.2,30.16,1240.0,36.0,8.1,1.24,15.16,1.06
4.38,5.015714286,10.0,3.0,2.428571429,0.0,61.32,3504.0,0.0,4.46,1.47,,1.8
7.487,5.24016,6.0,3.0,2.376,4.0,14.974,459.2,8.0,6.61,0.55,32.141,0.35
2.666190476,5.236666667,9.714285714,3.142857143,2.095238095,0.285714286,55.99,6049.0,6.0,4.64,1.7,15.18,2.35
2.818461538,6.969230769,6.153846154,3.384615385,1.298461538,3.846153846,36.64,3259.0,50.0,8.96,2.11,17.27,2.64
3.368571429,5.172857143,10.0,2.857142857,2.411428571,0.0,23.58,1868.0,0.0,3.83,1.51,6.03,4.125
1.00375,6.599375,10.0,2.75,1.125,0.0,16.06,5376.0,0.0,3.5,2.78,49.98,3.65
6.333636364,4.88,1.818181818,2.363636364,2.927272727,8.181818182,69.67,2168.0,90.0,6.58,1.04,15.77,1.23
4.049166667,5.396966667,8.25,3.083333333,2.506666667,1.75,48.59,3366.0,21.0,10.08,1.44,4.8,2.4
4.07,5.205454545,9.090909091,2.909090909,2.221818182,0.909090909,44.77,2262.0,10.0,6.83,1.52,6.03,2.63
2.08,4.78,10.0,2.0,3.0,0.0,4.16,888.0,0.0,0.52,0.2,49.54,4.2
5.033,4.628,10.0,2.0,3.22,0.0,10.066,593.2,0.0,4.08,0.66,27.04,1.91
3.565,6.06,5.0,2.0,2.22,5.0,7.13,380.0,10.0,7.13,2.16,7.1,3.402809091
3.41875,4.645,9.583333333,2.25,2.943333333,0.416666667,82.05,6698.0,10.0,5.49,1.24,,1.21
8.79955,5.087648,0.0,2.995,2.225,10.0,17.5991,393.47,20.0,5.16,0.56,,0.53
2.95,5.525,10.0,2.0,3.22,0.0,5.9,759.0,0.0,5.9,1.56,5.23,3.441
0.890454545,6.404090909,10.0,2.636363636,1.090909091,0.0,58.77,21948.0,0.0,2.34,2.83,49.98,4.67
6.347,5.64562,10.0,3.6,2.38,0.0,63.47,2520.0,0.0,4.28,1.26,13.21,2.0
3.799285714,5.759828571,8.571428571,3.857142857,0.642857143,1.428571429,53.19,1659.0,20.0,7.88,1.77,9.21,2.5
5.421666667,4.981666667,6.666666667,2.333333333,3.48,3.333333333,32.53,1782.0,20.0,8.43,1.04,,1.98
4.615,4.42625,10.0,2.0,3.055,0.0,9.23,618.0,0.0,3.2,0.56,22.11,2.42
4.997272727,5.068636364,9.545454545,2.772727273,2.483636364,0.454545455,109.94,5212.0,10.0,5.46,1.33,7.46,1.45
4.275,6.1257,10.0,1.5,3.0,0.0,8.55,764.0,0.0,8.55,2.03,,2.35
4.236666667,4.923333333,8.333333333,3.0,2.0,1.666666667,25.42,1213.0,10.0,5.83,1.47,17.54,2.04
3.606666667,4.382222222,7.555555556,2.222222222,2.764444444,2.444444444,32.46,2442.0,22.0,8.1,1.65,13.73,2.04
6.47,5.119225,5.875,2.375,3.665,4.125,51.76,2912.0,33.0,14.53,1.23,29.88,3.0
7.644,5.19552,0.0,3.6,2.4,10.0,38.22,1005.0,50.0,3.51,0.25,,0.25
6.3226,4.6916,6.4,2.0,3.22,3.6,12.6452,557.04,7.2,1.58,0.59,24.44,0.55
7.9894,5.231384,4.6,3.0,2.2824,5.4,15.9788,429.08,10.8,6.61,0.61,,0.22
2.95,4.235,5.0,3.0,0.5,5.0,5.9,216.0,10.0,3.96,1.32,,6.074
1.82,7.094545455,9.636363636,3.727272727,0.909090909,0.363636364,20.02,3002.0,4.0,8.57,2.83,26.18,4.2
4.56,6.91816,6.0,3.2,0.976,4.0,22.8,1139.0,20.0,11.4,1.86,4.579,1.67
4.285714286,5.151428571,8.571428571,2.714285714,2.982857143,1.428571429,30.0,2063.0,10.0,8.43,1.04,35.22,3.0
5.674,5.33,8.666666667,3.733333333,2.456,1.333333333,85.11,3860.0,20.0,2.52,1.28,16.61,1.57
4.295,5.28,10.0,3.0,2.0,0.0,17.18,835.0,0.0,3.86,1.52,25.61,1.93
3.227,4.325,10.0,2.0,4.0,0.0,3.227,429.5,0.0,2.99,0.06,13.61,1.0
4.4375,4.635,7.5,2.5,2.11,2.5,17.75,787.0,10.0,6.45,1.47,,2.68
5.37,5.632,6.0,4.0,2.0,4.0,5.37,215.0,4.0,1.45,0.23,10.8,1.2
8.7925,5.087348,0.05,2.995,2.225,9.95,17.585,393.9,19.9,5.5,0.52,12.691,0.42
4.872222222,5.181111111,10.0,3.222222222,2.282222222,0.0,43.85,2109.0,0.0,3.5,1.33,,2.18
2.866,6.686,6.84,3.24,1.5504,3.16,71.65,6316.0,79.0,8.65,2.35,20.68,2.66
1.857777778,6.98962963,8.444444444,3.703703704,1.111111111,1.555555556,50.16,7489.0,42.0,6.24,2.64,20.68,2.64
5.352222222,4.575555556,6.666666667,2.0,2.591111111,3.333333333,48.17,1416.0,30.0,7.12,1.48,4.5,2.37
3.41,4.965714286,7.142857143,2.857142857,2.348571429,2.857142857,23.87,1770.0,20.0,6.34,1.54,,2.4
6.271428571,5.385385714,7.142857143,4.142857143,2.285714286,2.857142857,43.9,1500.0,20.0,4.96,1.25,,1.02
5.427,5.18304,9.0,3.0,2.532,1.0,54.27,2582.0,10.0,9.07,0.75,45.751,2.17
0.721538462,5.82,10.0,2.461538462,0.923076923,0.0,9.38,3448.0,0.0,2.54,2.68,49.98,6.67
4.23,4.63875,7.125,2.5,3.11,2.875,33.84,2392.0,23.0,7.43,1.66,19.18,1.45
5.95855,4.75415,5.05,2.0,3.22,4.95,11.9171,360.3,9.9,2.34,0.85,22.11,2.59
6.392727273,5.123636364,3.272727273,2.909090909,2.436363636,6.727272727,70.32,3055.0,74.0,0.42,1.03,12.03,0.5
9.753333333,6.348166667,7.666666667,5.0,3.26,2.333333333,29.26,1171.0,7.0,20.33,1.06,24.38,1.2
3.277894737,6.794210526,7.421052632,3.473684211,1.332631579,2.578947368,62.28,5325.0,49.0,11.4,2.35,20.68,2.5
5.98625,4.9275,6.25,2.5,3.11,3.75,47.89,2066.0,30.0,5.46,1.33,,0.48
2.254375,4.47125,10.0,1.0,2.875,0.0,36.07,8704.0,0.0,1.37,1.07,47.6,0.32
2.666,4.922,9.8,2.8,2.0,0.2,13.33,1369.0,1.0,5.18,1.54,,2.61
2.3898,4.199,10.0,2.0,4.0,0.0,2.3898,450.5,0.0,2.99,0.06,13.61,1.08
7.035,5.32992,4.2,3.6,2.4,5.8,35.175,1068.0,29.0,4.96,0.48,10.8,0.28
3.099285714,5.237857143,9.285714286,2.857142857,2.46,0.714285714,43.39,3652.0,10.0,5.26,1.7,,3.332
5.456923077,6.947538462,6.769230769,2.923076923,2.135384615,3.230769231,70.94,2219.0,42.0,13.5,1.62,23.4,3.26
0.935,7.26,10.0,3.0,0.5,0.0,1.87,158.0,0.0,1.87,3.44,1.83,10.0
3.105,4.6175,7.5,2.5,2.11,2.5,12.42,910.0,10.0,6.34,1.54,1.54,1.9
7.66,4.38336,9.2,2.8,3.2,0.8,38.3,1983.0,4.0,6.91,1.28,,1.98
1.10875,6.546875,10.0,2.75,1.125,0.0,17.74,5082.0,0.0,5.32,2.79,49.98,5.54
2.72,4.283333333,10.0,2.0,3.333333333,0.0,8.16,1084.0,0.0,1.17,0.89,42.8,1.3
4.7591875,5.329411875,5.9375,3.240625,2.4839375,4.0625,304.588,16390.8,260.0,7.68,0.97,9.58,1.45
6.294047856,4.586729811,4.995014955,2.003988036,3.216789631,5.004985045,12.62586,549.23,10.04,0.79,0.52,14.28,0.7
7.6344,5.070622,1.95,3.0,2.5242,8.05,15.2688,463.59,16.1,6.08,0.32,32.141,0.56
3.524545455,3.856363636,5.454545455,2.0,1.676363636,4.545454545,38.77,1440.0,50.0,7.79,1.24,15.16,2.51
2.747142857,5.364285714,8.571428571,3.285714286,2.491428571,1.428571429,19.23,1989.0,10.0,5.49,0.97,2.6,2.585
3.616060606,6.955624242,6.363636364,3.575757576,1.212121212,3.636363636,119.33,7916.0,120.0,9.75,1.79,50.33,3.225
7.1,5.202528571,1.428571429,4.142857143,2.285714286,8.571428571,49.7,1380.0,60.0,4.51,1.02,8.28,0.44
2.485,3.4425,7.5,1.5,1.5,2.5,9.94,528.0,10.0,5.83,1.05,17.68,1.2
3.803333333,4.956666667,3.333333333,4.0,0.666666667,6.666666667,11.41,392.0,20.0,3.38,1.16,0.72,5.98
6.195172414,5.137337931,7.586206897,3.034482759,2.313103448,2.413793103,44.915,1682.5,17.5,10.43,1.36,34.34,1.6
4.674,6.66876,9.4,3.2,2.82,0.6,23.37,2333.0,3.0,16.6,2.56,,2.0
6.099077307,4.841072319,7.53117207,2.256857855,3.211970075,2.46882793,24.4573,1079.75,9.9,4.17,0.8,7.46,1.59
7.74625,4.93545,1.25,2.5,2.72,8.75,61.97,1681.0,70.0,6.0,0.56,14.23,0.88
11.59333333,5.906933333,0.333333333,5.0,3.926666667,9.666666667,34.78,1089.0,29.0,14.71,0.39,0.27,0.117444444
2.056551724,6.925227586,8.620689655,2.689655172,0.957241379,1.379310345,29.82,4414.5,20.0,11.4,1.86,,4.42
4.67,4.9,5.714285714,2.285714286,2.982857143,4.285714286,32.69,1854.0,30.0,7.09,1.7,18.15,1.63
4.231538462,7.561307692,8.538461538,3.692307692,1.366153846,1.461538462,55.01,4565.0,19.0,19.3,2.57,35.18,2.34
6.203333333,4.836666667,6.666666667,2.333333333,3.593333333,3.333333333,18.61,920.0,10.0,10.18,0.7,16.94,0.15
1.032083333,5.985,8.958333333,2.916666667,0.7825,1.041666667,12.385,2556.0,12.5,7.43,2.68,17.27,1.97
6.003170732,4.872439024,7.804878049,2.317073171,3.141463415,2.195121951,24.613,1095.5,9.0,4.17,0.8,,1.593
7.372,5.53076,4.0,3.2,2.4,6.0,36.86,1225.0,30.0,2.83,0.97,,0.9
4.483333333,5.145,6.666666667,2.833333333,2.74,3.333333333,26.9,1563.0,20.0,8.43,1.51,18.15,2.2
5.90875,5.09875,5.833333333,2.708333333,2.683333333,4.166666667,28.362,1140.6,20.0,4.17,0.8,9.79,1.26
7.98,4.075,0.0,0.5,3.94,10.0,15.96,355.0,20.0,1.34,0.07,2.93,0.6
5.015,5.38005,10.0,5.5,2.0,0.0,10.03,405.0,0.0,0.45,1.25,2.52,3.1
4.225,5.29042,6.9,2.8,2.532,3.1,42.25,2801.0,31.0,5.83,1.39,,1.13
4.646060606,5.107878788,10.0,3.03030303,2.464242424,0.0,153.32,8307.0,0.0,5.04,1.47,34.61,2.23
5.258333333,5.033333333,8.166666667,2.333333333,2.44,1.833333333,31.55,1291.0,11.0,6.78,1.52,4.6,2.4
7.445,4.68,0.0,2.0,3.22,10.0,14.89,309.0,20.0,2.41,0.63,11.3,1.5494375
5.595909091,4.947272727,8.181818182,2.454545455,2.725454545,1.818181818,123.11,4688.0,40.0,7.12,1.48,4.5,2.19
3.363714286,5.079714286,7.714285714,2.457142857,2.221714286,2.285714286,117.73,7189.0,80.0,6.78,1.7,5.31,3.16
1.41,6.8,9.9,3.4,0.8,0.1,14.1,2412.0,1.0,4.79,2.79,13.88,4.9
4.69,5.04,5.0,2.5,2.72,5.0,9.38,522.0,10.0,5.24,0.97,1.54,2.0125
7.868636364,6.597963636,5.454545455,2.363636364,2.609090909,4.545454545,86.555,1634.0,50.0,10.38,1.04,25.405,1.71
4.866666667,5.723333333,6.666666667,4.0,1.666666667,3.333333333,14.6,601.0,10.0,3.57,0.68,14.58,1.855
10.45333333,6.027833333,4.666666667,4.333333333,3.593333333,5.333333333,31.36,1332.0,16.0,20.53,1.1,30.08,1.2
1.745714286,6.892857143,9.142857143,3.714285714,1.428571429,0.857142857,12.22,2273.0,6.0,6.11,2.35,20.68,2.391666667
7.69,4.648285714,1.428571429,3.0,3.617142857,8.571428571,53.83,1994.0,60.0,2.72,1.0,6.69,0.46
6.092352941,5.655576471,7.294117647,3.176470588,2.691764706,2.705882353,103.57,5361.0,46.0,14.53,1.23,29.88,1.26
5.71,5.18625,5.0,3.0,3.0,5.0,11.42,542.0,10.0,5.24,0.79,5.31,0.965
2.263333333,6.966666667,6.666666667,3.666666667,0.74,3.333333333,13.58,1087.0,20.0,8.65,2.17,7.6,4.3
1.621666667,6.685,9.166666667,3.833333333,1.296666667,0.833333333,9.73,1557.0,5.0,7.19,2.56,16.68,2.45
6.4525,5.135,7.5,2.75,3.11,2.5,25.81,1040.0,10.0,5.71,0.86,21.01,1.4
6.268866995,4.598275862,5.123152709,2.019704433,3.204137931,4.876847291,12.7258,555.05,9.9,1.9,0.75,14.28,0.62
4.109090909,4.700909091,7.272727273,2.272727273,2.847272727,2.727272727,45.2,2878.0,30.0,7.99,1.54,11.33,0.45
0.803076923,6.417692308,10.0,2.615384615,1.076923077,0.0,10.44,4357.0,0.0,2.34,2.68,49.98,7.3
5.346666667,5.453933333,6.666666667,3.0,2.48,3.333333333,16.04,740.0,10.0,9.83,0.9,2.422,1.8
3.728,7.35364,10.0,3.6,1.2,0.0,18.64,1211.0,0.0,9.32,2.5,,4.53
0.84,6.541111111,10.0,2.666666667,1.111111111,0.0,7.56,3125.0,0.0,2.34,2.68,49.98,7.843333333
3.823333333,5.249866667,7.777777778,3.111111111,2.271111111,2.222222222,34.41,2205.0,20.0,7.68,1.51,9.58,1.55
6.148571429,5.671185714,10.0,4.142857143,2.285714286,0.0,43.04,1550.0,0.0,4.53,1.25,10.15,1.8
5.19,4.4125,2.5,2.5,2.11,7.5,20.76,746.0,30.0,6.34,1.13,14.89,1.6
5.835555556,6.333411111,6.666666667,2.0,2.591111111,3.333333333,52.52,1457.0,30.0,11.63,1.7,0.575,2.8
4.516666667,5.803333333,6.666666667,4.0,1.333333333,3.333333333,13.55,526.0,10.0,4.19,0.86,,3.45
6.41,4.5945,4.5,2.0,3.22,5.5,12.82,524.1,11.0,2.75,0.63,14.28,0.78
6.180454545,4.723636364,3.636363636,3.363636364,2.969090909,6.363636364,135.97,4997.0,140.0,5.56,1.29,15.4,1.55
2.284117647,7.350376471,8.235294118,3.764705882,0.941176471,1.764705882,38.83,4287.0,30.0,9.75,1.79,11.08,3.59
2.876,6.33,8.0,4.4,2.312,2.0,14.38,1541.0,10.0,7.19,2.33,16.68,3.4
3.595,5.236428571,7.857142857,3.0,2.46,2.142857143,50.33,3488.0,30.0,6.58,1.51,,2.75
6.432727273,5.149090909,3.636363636,3.636363636,2.4,6.363636364,70.76,2803.0,70.0,0.53,1.02,10.6,0.46
2.935,5.3325,7.5,2.5,2.11,2.5,11.74,823.0,10.0,7.13,2.56,8.08,3.1
0.485,4.69,10.0,3.0,0.5,0.0,0.97,230.0,0.0,0.97,1.87,,8.5
7.0625,5.20545,7.5,3.0,2.635,2.5,28.25,992.0,10.0,7.11,1.25,2.748,1.18
6.14875,5.341625,8.75,4.8125,2.555,1.25,196.76,8114.0,40.0,6.78,1.52,8.71,1.95
4.248571429,5.817142857,8.857142857,3.428571429,2.254285714,1.142857143,29.74,2216.0,8.0,7.86,2.58,13.58,0.7
3.847692308,6.829323077,7.692307692,3.692307692,0.870769231,2.307692308,50.02,2760.0,30.0,11.4,1.86,6.47,3.73
5.4248,5.269188857,7.857142857,3.295,2.276428571,2.142857143,75.9472,3059.65,30.0,6.25,1.33,,0.79
2.768235294,7.150941176,9.117647059,4.764705882,1.372941176,0.882352941,47.06,5740.0,15.0,10.2,2.54,,1.505
7.785,7.04845,5.0,2.0,3.22,5.0,15.57,340.0,10.0,11.43,0.95,0.575,2.1
3.514705882,5.360588235,7.058823529,3.176470588,2.352941176,2.941176471,59.75,4378.0,50.0,5.44,1.7,18.15,2.34
1.61,6.0325,10.0,2.5,1.11,0.0,6.44,945.0,0.0,5.9,2.68,5.37,5.6
4.076666667,4.951666667,10.0,3.0,2.0,0.0,24.46,1253.0,0.0,4.87,1.47,25.37,2.26
8.7,3.89,7.5,3.0,4.61,2.5,17.4,963.0,5.0,5.6,0.26,18.41,1.42
3.388666667,7.042506667,8.933333333,3.2,1.362666667,1.066666667,50.83,4476.0,16.0,16.6,2.64,31.38,4.32
5.798,5.148,6.0,2.8,2.576,4.0,28.99,1167.0,20.0,2.52,0.79,3.43,1.2
2.054,6.844,10.0,3.4,1.02,0.0,10.27,1283.0,0.0,6.77,2.64,,2.0
6.953333333,4.633333333,0.0,2.0,2.96,10.0,20.86,683.0,30.0,1.07,0.56,14.23,0.46
5.346666667,4.55,7.333333333,4.666666667,3.926666667,2.666666667,16.04,1186.0,8.0,10.58,0.83,20.84,1.0
7.921538462,5.229169231,3.076923077,3.230769231,2.289230769,6.923076923,20.596,539.4,18.0,6.61,0.55,12.691,0.22
1.495,4.975,9.5,2.0,3.0,0.5,2.99,851.0,1.0,2.99,1.95,,2.6
5.83,5.5712,9.5,2.0,3.0,0.5,11.66,742.0,1.0,8.02,1.1,,1.3
3.962857143,5.197142857,7.142857143,2.857142857,2.634285714,2.857142857,27.74,1710.0,20.0,6.58,1.51,,2.3
7.875,5.24994,5.25,3.0,2.259,4.75,15.75,434.65,9.5,9.33,0.73,,0.29
2.68,5.716,8.4,3.6,3.956,1.6,13.4,2810.0,8.0,8.9,1.65,,2.0
7.413333333,5.084866667,5.0,2.833333333,2.813333333,5.0,44.48,1422.0,30.0,6.61,0.8,8.251,0.07
2.206666667,6.945,8.222222222,3.833333333,1.111111111,1.777777778,39.72,5646.0,32.0,8.57,2.79,,3.49
3.31,6.3428,9.833333333,3.166666667,1.13,0.166666667,19.86,1448.0,1.0,19.0,2.78,13.78,2.37
6.624444444,5.593733333,0.0,4.0,0.986666667,10.0,59.62,1203.0,90.0,6.97,0.68,,1.485
2.71,4.8525,10.0,3.0,2.0,0.0,10.84,969.0,0.0,4.76,1.54,25.98,2.28
6.193333333,3.883333333,3.666666667,4.0,3.926666667,6.333333333,18.58,1070.0,19.0,5.91,0.71,5.77,0.11
3.582857143,5.307857143,8.714285714,3.642857143,2.745714286,1.285714286,50.16,4841.0,18.0,8.68,1.28,25.74,1.78
6.987692308,4.793846154,0.0,2.461538462,2.972307692,10.0,90.84,3027.0,130.0,2.72,0.57,,1.1
4.0225,4.5775,7.5,2.0,3.61,2.5,16.09,1138.0,10.0,5.31,0.76,,2.16
5.623333333,4.996666667,8.888888889,2.555555556,2.862222222,1.111111111,25.305,1165.5,5.0,4.17,0.8,,1.76
4.542727273,4.803636364,9.090909091,2.727272727,2.403636364,0.909090909,49.97,2446.0,10.0,7.68,1.36,34.34,2.37
2.861818182,4.832727273,10.0,2.727272727,2.261818182,0.0,31.48,2841.0,0.0,4.93,1.54,35.22,3.29
1.52,6.530526316,8.421052632,3.789473684,0.736842105,1.578947368,28.88,3723.0,30.0,6.24,2.56,,4.0
4.55,6.64476,9.2,2.8,2.8,0.8,22.75,2400.0,4.0,16.6,2.58,31.38,2.0
4.268461538,6.932892308,8.384615385,4.076923077,2.103076923,1.615384615,55.49,4399.0,21.0,16.6,2.36,31.38,1.89
2.467142857,4.871428571,10.0,2.857142857,2.285714286,0.0,17.27,1928.0,0.0,4.35,1.54,35.22,3.6
6.54775,4.6994,4.85,2.0,3.22,5.15,13.0955,537.92,10.3,2.92,0.66,,0.71
6.421481481,4.870740741,5.061728395,2.283950617,3.180246914,4.938271605,26.007,1041.6,20.0,4.17,0.8,9.79,1.07
2.902142857,5.214285714,9.428571429,3.714285714,2.428571429,0.571428571,40.63,4666.0,8.0,7.6,1.54,25.74,1.72
2.280833333,5.112125,10.0,3.5,2.066666667,0.0,27.37,2970.0,0.0,6.66,1.65,7.97,2.59
9.87,6.84345,0.0,2.0,3.22,10.0,19.74,258.0,20.0,7.26,0.54,15.195,0.171666667
4.933793103,7.449193103,8.24137931,3.344827586,1.769655172,1.75862069,143.08,11219.0,51.0,16.6,2.36,31.38,2.47
5.135,5.196,9.0,3.0,2.488,1.0,51.35,2416.0,10.0,3.81,1.33,2.16,1.775
4.591111111,5.411322222,8.888888889,4.0,2.56,1.111111111,41.32,2299.0,10.0,6.89,1.44,11.33,1.28
6.908214286,4.885714286,0.0,2.607142857,2.76,10.0,48.3575,1461.75,70.0,4.26,0.63,14.23,0.39
1.96,7.371881481,7.444444444,4.185185185,0.288148148,2.555555556,52.92,5907.0,69.0,21.4,2.67,,2.4
5.424,4.649,10.0,2.0,3.22,0.0,10.848,590.6,0.0,4.08,0.66,27.04,1.62
5.342371134,5.088556701,9.690721649,2.731958763,2.655670103,0.309278351,25.9105,1226.75,1.5,4.17,0.8,7.46,1.92
1.781,6.729,7.9,3.4,0.8,2.1,17.81,2401.0,21.0,6.24,2.78,17.27,3.8
4.891428571,5.175714286,8.571428571,2.857142857,2.348571429,1.428571429,34.24,1575.0,10.0,5.44,1.52,4.94,1.97
2.997575758,5.162424242,10.0,3.03030303,2.464242424,0.0,98.92,9347.0,0.0,5.04,1.65,35.22,3.25
1.995833333,7.233166667,8.333333333,4.0,1.0,1.666666667,23.95,3478.0,20.0,8.23,2.54,49.98,3.53
0.935652174,6.925652174,10.0,3.304347826,0.869565217,0.0,21.52,5444.0,0.0,3.5,2.83,7.53,6.31
6.385,5.462253125,8.75,2.84375,2.555,1.25,204.32,7466.0,40.0,7.2,1.52,17.81,2.09
2.146153846,7.072307692,6.923076923,3.538461538,0.803076923,3.076923077,27.9,2905.0,40.0,7.31,2.83,17.27,3.9
5.75,4.736,5.5,2.0,3.22,4.5,11.5,382.3,9.0,5.31,0.85,6.66,2.3
5.466759259,5.229895556,6.351851852,3.333333333,2.249925926,3.648148148,147.6025,6067.0,98.5,10.54,1.47,17.54,0.6
7.2768,5.216064,0.0,3.6,2.4,10.0,36.384,1038.0,50.0,3.51,0.25,8.57,0.167
5.988,4.673,6.0,2.0,3.22,4.0,11.976,556.2,8.0,5.49,0.7,27.04,0.85
4.604817888,4.819396035,8.898109728,2.769940065,2.291046565,1.101890272,199.757,9764.44,47.8,6.34,1.36,4.43,1.5
4.9275,4.775,2.5,3.0,2.0,7.5,19.71,817.0,30.0,6.15,1.14,16.87,0.129
6.006666667,5.082377778,3.333333333,2.777777778,2.271111111,6.666666667,54.06,1879.0,60.0,5.05,1.1,,1.35
8.8375,5.087449,0.0,2.965,2.255,10.0,17.675,392.02,20.0,5.66,0.49,13.348,0.54
0.741538462,4.455384615,10.0,1.692307692,1.846153846,0.0,9.64,3557.0,0.0,5.32,2.18,36.58,2.61
2.5875,6.04625,7.5,2.25,1.665,2.5,20.7,1705.0,20.0,7.13,2.68,7.1,4.0
7.897,5.21492,4.25,3.0,2.337,5.75,15.794,434.4,11.5,6.61,0.61,12.691,0.18
5.991923077,5.286025641,5.641025641,3.192307692,2.677435897,4.358974359,116.8425,4743.5,85.0,5.71,0.86,16.61,0.94
3.289285714,5.518571429,8.571428571,3.857142857,0.642857143,1.428571429,46.05,1790.0,20.0,5.16,1.73,17.68,2.48
3.326666667,5.253875,10.0,4.083333333,2.283333333,0.0,39.92,3187.0,0.0,6.98,1.55,48.83,2.83
5.228723404,7.668792962,9.079378069,3.616202946,1.611292962,0.920621931,255.58,20036.4,45.0,16.6,2.64,,0.13
7.866,4.352,0.0,1.2,3.864,10.0,39.33,860.0,50.0,1.96,0.43,13.68,0.3
4.208333333,4.953333333,5.833333333,2.5,2.516666667,4.166666667,50.5,2975.0,50.0,5.78,1.66,1.54,2.5
7.67,5.116533333,5.0,2.833333333,2.813333333,5.0,46.02,1368.0,30.0,6.61,0.86,6.501,0.13
1.27,5.865,10.0,3.0,1.0,0.0,2.54,413.0,0.0,2.54,2.56,8.08,5.735
5.23125,4.9225,5.0,2.375,3.415,5.0,41.85,2392.0,40.0,6.89,0.98,18.15,0.85
2.942,4.636,9.0,3.4,3.556,1.0,14.71,1541.0,5.0,5.61,0.86,11.39,0.28
5.852244898,5.123877551,5.918367347,2.755102041,2.628571429,4.081632653,28.676,1153.8,20.0,4.17,0.8,9.79,1.45
2.32,4.956190476,9.714285714,3.142857143,2.095238095,0.285714286,48.72,5660.0,6.0,3.01,1.66,13.73,1.59
6.012105263,6.908331579,5.789473684,2.631578947,2.448421053,4.210526316,114.23,2949.0,80.0,13.5,1.3,1.54,2.54
1.706190476,6.784761905,9.571428571,3.428571429,1.19047619,0.428571429,35.83,5509.0,9.0,6.11,3.25,,3.85
6.5755,4.6988,4.7,2.0,3.22,5.3,13.151,530.84,10.6,2.92,0.66,24.44,0.68
4.112272727,4.996363636,8.181818182,2.454545455,2.725454545,1.818181818,90.47,5312.0,40.0,7.12,1.66,4.47,3.02
4.248888889,5.124444444,5.555555556,2.333333333,2.64,4.444444444,38.24,1441.0,40.0,8.65,1.37,5.53,2.205
6.315,4.615,5.0,2.0,4.0,5.0,12.63,679.0,10.0,1.99,0.11,,0.6
5.934444444,5.0538,3.222222222,2.888888889,2.271111111,6.777777778,53.41,1986.0,61.0,4.4,1.1,14.23,1.36
6.42,4.76,4.5,2.0,3.0,5.5,12.84,685.0,11.0,0.54,0.84,13.67,0.8
6.932857143,6.7501,5.714285714,2.142857143,3.188571429,4.285714286,48.53,1335.0,30.0,11.68,0.95,,1.98
5.882,5.4142,10.0,4.8,2.32,0.0,29.41,1095.0,0.0,2.73,1.26,1.94,2.3
7.99275,5.24644,5.0,3.0,2.259,5.0,15.9855,428.3,10.0,6.61,0.61,2.231,0.12
8.31,7.32845,5.0,2.5,2.22,5.0,33.24,346.0,20.0,10.38,1.02,2.995,2.6
3.985,5.01,10.0,2.5,2.72,0.0,7.97,565.0,0.0,3.83,0.93,3.87,2.586515385
4.842857143,4.998571429,8.571428571,2.857142857,2.348571429,1.428571429,33.9,1582.0,10.0,5.78,1.48,4.84,1.88
5.138,4.64,6.0,2.0,3.376,4.0,51.38,2856.0,40.0,7.43,1.66,25.98,2.15
0.831,6.3255,10.0,2.7,1.05,0.0,16.62,6319.0,0.0,2.34,2.78,,6.89
3.402777778,7.561744444,9.5,3.666666667,1.111111111,0.5,61.25,5867.0,9.0,16.6,2.83,,3.88
9.350869565,4.851130435,0.0,3.0,3.0,10.0,10.7535,246.3,11.5,3.06,0.05,8.57,0.022
2.84174,5.147314686,9.572285714,3.456285714,2.171428571,0.427714286,99.4609,10476.68,14.97,15.74,1.65,29.88,2.01
7.123333333,4.695866667,3.333333333,2.333333333,2.333333333,6.666666667,21.37,493.0,20.0,7.88,1.04,9.21,0.55
4.104,4.524,6.0,2.0,3.176,4.0,8.208,574.6,8.0,5.49,0.7,10.13,1.7
3.702,5.318,9.6,2.8,2.4,0.4,18.51,1683.0,2.0,4.08,1.45,4.48,2.77
6.333333333,6.6856,9.666666667,3.0,1.926666667,0.333333333,19.0,988.0,1.0,19.0,2.56,13.78,2.18
4.9475,5.09,5.0,2.75,3.11,5.0,19.79,1158.0,20.0,6.89,0.98,,1.39
3.340952381,6.980247619,7.619047619,3.619047619,1.227619048,2.380952381,70.16,5102.0,50.0,12.0,2.01,17.38,2.06
8.7175,5.093296,0.2,3.0,2.2356,9.8,17.435,398.26,19.6,9.33,0.73,35.22,0.34
4.608181818,5.060909091,6.363636364,2.454545455,3.069090909,3.636363636,50.69,2609.0,40.0,8.68,1.04,10.64,2.56
5.496666667,5.669466667,9.333333333,3.333333333,2.0,0.666666667,16.49,1052.0,2.0,11.7,2.59,15.88,1.65
5.936666667,4.9357,3.166666667,2.333333333,2.406666667,6.833333333,35.62,1199.0,41.0,6.03,1.29,15.4,2.13
6.475,4.67,5.0,2.0,3.61,5.0,25.9,1037.0,20.0,1.58,0.65,20.67,0.703333333
3.936,7.49496,9.6,2.8,1.2,0.4,19.68,1601.0,2.0,9.84,2.5,,5.5
8.83,6.0145,8.0,4.333333333,3.593333333,2.0,26.49,1385.0,6.0,20.78,1.1,31.14,1.4
6.402272727,4.829090909,2.727272727,2.454545455,2.725454545,7.272727273,140.85,4321.0,160.0,6.78,1.29,,1.67
5.575,4.62125,10.0,2.0,3.187,0.0,11.15,594.0,0.0,3.2,0.56,22.11,1.6
7.07,5.2771,4.5,2.5,2.5,5.5,14.14,595.0,11.0,1.66,0.98,7.44,1.3
0.826071429,6.136785714,10.0,2.5,1.0,0.0,23.13,8399.0,0.0,2.34,2.79,49.98,6.53
1.94,7.215714286,7.142857143,3.142857143,0.634285714,2.857142857,13.58,1433.0,20.0,8.65,2.17,7.6,4.35
5.815,4.67,10.0,2.0,3.22,0.0,11.63,588.0,0.0,0.17,0.55,22.11,1.48194
4.188,5.48512,9.066666667,2.933333333,2.429333333,0.933333333,62.82,4651.0,14.0,5.83,1.39,18.15,2.41
7.326666667,5.063333333,7.666666667,5.0,3.26,2.333333333,21.98,1097.0,7.0,7.61,0.96,17.31,1.0
7.57,4.92795,2.5,2.5,2.72,7.5,30.28,862.0,30.0,6.0,0.52,13.348,1.8
6.277142857,5.3972,5.714285714,3.428571429,2.348571429,4.285714286,43.94,1628.0,30.0,6.61,0.55,15.071,1.8
3.007142857,6.592514286,7.142857143,3.428571429,1.142857143,2.857142857,21.05,1588.0,20.0,9.75,2.51,,3.08
5.25,8.0285,8.75,4.25,1.445,1.25,21.0,1517.0,5.0,21.0,2.27,32.98,2.3
8.623333333,5.057866667,3.333333333,2.0,2.96,6.666666667,25.87,643.0,20.0,9.83,0.9,2.422,1.0
4.51,4.595,5.0,2.5,3.5,5.0,9.02,714.0,10.0,4.36,0.01,,1.9
3.561111111,5.331666667,10.0,3.333333333,2.111111111,0.0,64.1,4361.0,0.0,4.79,1.84,47.32,1.76
9.233,6.39376,0.0,2.0,3.22,10.0,18.466,272.0,20.0,7.26,0.62,15.195,0.075
5.23,4.57,7.5,2.0,3.61,2.5,20.92,1187.0,10.0,4.8,0.65,43.23,2.12
6.6648,5.250304,0.0,3.6,2.4,10.0,33.324,1093.0,50.0,3.51,0.25,8.57,0.208
3.693333333,5.300952381,10.0,3.142857143,2.095238095,0.0,77.56,4677.0,0.0,3.5,1.52,,2.0
5.053571429,5.160714286,9.428571429,3.571428571,2.428571429,0.571428571,70.75,4035.0,8.0,5.07,1.33,19.71,1.3
5.1125,4.7075,6.666666667,2.416666667,2.48,3.333333333,61.35,2609.0,40.0,8.1,1.47,10.72,1.68
2.322,4.918,10.0,2.8,2.4,0.0,11.61,1489.0,0.0,0.63,0.94,9.07,4.1
1.665,8.71,9.75,4.0,0.8,0.25,6.66,656.0,1.0,6.66,3.18,5.2,4.85
4.584375,5.43534375,7.5,4.3125,2.25,2.5,73.35,3873.0,40.0,7.68,1.43,9.58,1.18
4.962857143,4.641257143,5.714285714,2.285714286,2.982857143,4.285714286,34.74,1810.0,30.0,8.89,1.65,11.33,1.29
3.57875,4.91375,8.375,2.625,2.555,1.625,28.63,2072.0,13.0,8.63,1.7,19.18,1.77
7.07,4.86,0.0,2.555555556,2.862222222,10.0,63.63,1998.0,90.0,4.26,0.63,,0.68
6.029819005,5.689660633,8.868778281,3.660633484,2.339366516,1.131221719,106.6072,4103.36,20.0,4.53,1.19,13.18,1.22
4.83625,4.6325,7.5,2.5,2.43,2.5,38.69,1674.0,20.0,9.64,1.47,8.97,1.8
5.972,4.86475,5.0,2.0,3.22,5.0,11.944,367.6,10.0,6.58,1.04,,2.05
5.563333333,5.01,3.333333333,2.666666667,3.333333333,6.666666667,16.69,883.0,20.0,5.24,0.79,5.31,0.9
2.55,4.853529412,9.529411765,3.294117647,2.117647059,0.470588235,43.35,4881.0,8.0,7.71,1.65,24.68,2.243333333
3.819375,5.47814375,7.5,4.3125,2.25,2.5,61.11,4093.0,40.0,4.62,1.43,18.15,1.2
1.99,4.703333333,10.0,2.666666667,3.333333333,0.0,5.97,1082.0,0.0,0.51,0.35,49.89,1.89
5.485,5.13295,7.5,2.5,2.72,2.5,21.94,1026.0,10.0,9.83,0.93,3.87,3.4
5.991666667,4.956333333,3.333333333,3.666666667,2.406666667,6.666666667,35.95,1190.0,40.0,6.36,1.29,15.4,2.12
5.203333333,4.486666667,6.666666667,2.0,2.591111111,3.333333333,46.83,1424.0,30.0,7.79,1.47,4.36,2.36
1.297142857,6.762380952,9.428571429,3.142857143,1.142857143,0.571428571,27.24,6493.0,12.0,4.54,2.39,,3.4
0.59875,7.43,10.0,2.625,0.4375,0.0,9.58,3947.0,0.0,4.79,1.35,,4.81
3.583387681,6.526566304,9.153985507,3.101449275,2.456521739,0.846014493,19.7803,2575.51,4.67,16.6,2.45,31.38,2.48
3.2625,6.67376,7.4,3.65,1.4,2.6,65.25,6155.0,52.0,9.75,2.68,26.18,3.0
4.662,5.65856,10.0,2.4,2.4,0.0,23.31,1419.0,0.0,6.48,1.4,9.34,2.955
2.731,6.604,8.7,3.7,1.678,1.3,27.31,3284.0,13.0,8.9,2.58,,0.45
2.424761905,7.245238095,6.904761905,3.857142857,0.793333333,3.095238095,50.92,5140.0,65.0,10.5,2.36,31.78,3.06
2.436666667,7.11,6.666666667,3.333333333,1.333333333,3.333333333,7.31,800.0,10.0,7.31,1.92,6.81,3.597
1.621578947,6.982631579,10.0,3.157894737,1.263157895,0.0,30.81,5525.0,0.0,5.32,2.83,49.98,4.89
7.371428571,4.857142857,5.714285714,2.142857143,3.617142857,4.285714286,51.6,1835.0,30.0,5.71,0.86,,2.088428571
4.2825,4.8275,7.5,3.0,2.0,2.5,17.13,806.0,10.0,5.83,1.47,17.54,1.47
3.173,4.947,9.7,2.8,2.444,0.3,31.73,3229.0,3.0,3.83,1.38,9.68,2.88
5.417777778,5.913733333,6.666666667,4.0,0.986666667,3.333333333,48.76,1233.0,30.0,8.78,0.97,13.348,2.06
9.02125,6.0862425,0.0,2.0,3.22,10.0,18.0425,275.85,20.0,7.26,0.63,15.195,0.28
3.83,3.77,5.0,2.0,2.0,5.0,7.66,371.0,10.0,5.72,0.93,17.27,0.82
4.29,6.536266667,6.666666667,4.0,1.0,3.333333333,12.87,568.0,10.0,9.75,1.79,11.08,2.924
5.213333333,4.57,6.666666667,2.0,3.926666667,3.333333333,15.64,1008.0,10.0,10.18,0.61,16.94,0.65
2.325,4.8,10.0,3.0,0.5,0.0,4.65,198.0,0.0,1.59,1.73,3.1,7.45
5.13,5.74,2.5,4.5,0.75,7.5,20.52,623.0,30.0,0.8,0.16,19.88,2.433333333
3.971111111,7.414177778,9.333333333,3.555555556,1.333333333,0.666666667,17.87,1611.0,3.0,16.6,2.56,31.38,3.7
0.879166667,7.151666667,10.0,3.0,0.416666667,0.0,10.55,2711.0,0.0,4.79,2.67,6.47,4.9
3.091,6.99638,8.7,3.2,1.244,1.3,30.91,2879.0,13.0,16.6,2.64,31.38,4.17
6.764285714,4.936685714,9.428571429,3.428571429,2.571428571,0.571428571,47.35,2287.0,4.0,6.91,1.28,9.41,0.37
2.399,5.85788,8.0,3.5,1.044,2.0,23.99,1375.0,20.0,10.5,2.03,9.21,2.77
6.3065,4.58595,4.95,2.0,3.22,5.05,12.613,545.61,10.1,2.75,0.63,14.28,0.72
7.374,5.01336,9.8,3.0,2.756,0.2,36.87,1351.0,1.0,15.5,1.33,7.31,1.0
11.69333333,6.037833333,1.333333333,4.666666667,3.26,8.666666667,35.08,1185.0,26.0,16.36,0.69,14.31,0.3
3.245,4.78,7.5,2.5,2.11,2.5,12.98,887.0,10.0,5.78,1.66,1.54,3.3
5.565454545,4.929090909,8.181818182,2.454545455,2.725454545,1.818181818,122.44,4692.0,40.0,7.79,1.47,,2.16
6.6525,4.810845,4.5,2.0,3.22,5.5,13.305,519.0,11.0,7.6,0.54,17.575,0.65
5.99185,4.7774845,5.0,2.0,3.22,5.0,11.9837,357.3,10.0,8.71,0.85,5.025,2.6
4.246,4.702,8.0,2.4,2.688,2.0,21.23,1234.0,10.0,9.64,1.65,25.98,2.21
4.251,4.586,10.0,2.0,3.22,0.0,8.502,598.4,0.0,4.08,0.66,27.04,2.2
5.441428571,5.018571429,8.571428571,2.571428571,2.76,1.428571429,38.09,1611.0,10.0,2.34,0.85,1.73,1.72
5.436,5.06806,10.0,5.4,2.4,0.0,27.18,1138.0,0.0,0.49,1.05,18.49,0.6
4.96,3.560133333,6.666666667,2.0,2.146666667,3.333333333,14.88,492.0,10.0,9.66,0.44,4.151,0.097
6.135555556,5.164444444,2.222222222,3.333333333,2.666666667,7.777777778,55.22,2263.0,70.0,1.37,0.27,19.45,0.5
6.051428571,5.160057143,8.571428571,2.857142857,2.474285714,1.428571429,42.36,1676.0,10.0,6.61,0.75,,1.83
4.563,4.78825,5.25,2.0,3.22,4.75,9.126,419.55,9.5,5.31,1.03,,2.85
5.572142857,4.811557143,7.5,4.142857143,3.452857143,2.5,78.01,4139.0,35.0,9.83,1.2,15.18,0.8
10.1375,5.739875,4.5,4.0,3.695,5.5,81.1,2917.0,44.0,17.61,0.88,19.41,0.43
5.645714286,5.360714286,7.857142857,3.571428571,2.585714286,2.142857143,79.04,3605.0,30.0,2.52,1.28,,0.5
4.452857143,5.21,2.142857143,3.857142857,0.642857143,7.857142857,62.34,1745.0,110.0,5.16,1.44,17.68,1.94
5.3,5.1947,7.5,3.0,2.0,2.5,21.2,740.0,10.0,7.88,1.52,9.21,1.07
1.7975,7.095,8.75,4.25,1.445,1.25,7.19,1144.0,5.0,7.19,2.33,16.68,1.4
2.467777778,6.080455556,9.555555556,3.111111111,0.975555556,0.444444444,22.21,2293.0,4.0,19.3,2.67,35.18,4.99
4.64,5.1555,9.5,3.0,2.244,0.5,92.8,4451.0,10.0,3.81,1.33,,1.99
5.9165,4.7295,6.5,2.0,3.22,3.5,11.833,427.0,7.0,2.34,0.85,22.11,1.93
4.82,4.39,5.0,2.0,4.0,5.0,9.64,754.0,10.0,4.98,0.17,43.52,0.59
9.273333333,6.344922222,4.444444444,2.0,3.133333333,5.555555556,83.46,1455.0,50.0,8.71,0.77,4.395,1.57
5.325586085,5.07172007,8.107335889,3.332150765,2.286554442,1.892664111,223.66929,9176.802,79.49,7.21,1.25,,0.74
4.126666667,3.146666667,7.666666667,3.666666667,3.26,2.333333333,12.38,721.0,7.0,7.16,0.12,7.24,0.66
3.005714286,4.617142857,10.0,1.428571429,3.014285714,0.0,21.04,3766.0,0.0,4.66,0.99,43.06,4.9
3.596666667,3.51,6.666666667,2.0,2.666666667,3.333333333,10.79,598.0,10.0,5.57,0.38,1.92,0.272307692
2.378571429,4.252857143,10.0,2.0,1.857142857,0.0,16.65,1517.0,0.0,5.73,1.33,27.11,1.4
2.3625,4.890625,9.375,2.8125,3.1525,0.625,37.8,5009.0,10.0,8.68,0.77,10.64,1.47
4.713333333,4.583333333,10.0,2.0,3.333333333,0.0,14.14,934.0,0.0,1.82,0.83,29.19,1.0
7.715,4.89,0.0,2.5,2.72,10.0,15.43,391.0,20.0,5.57,0.82,3.48,2.932183333
4.38625,5.51595,6.25,3.5,2.18,3.75,35.09,1894.0,30.0,9.75,1.3,9.58,1.5
3.891362468,5.325180805,10.0,3.580976864,2.484387318,0.0,45.4122,3515.78,0.0,6.16,1.43,9.08,2.61
3.3,6.0275,7.5,2.25,2.11,2.5,13.2,1108.0,10.0,10.5,2.17,,3.6
3.1425,6.8426,7.5,2.75,0.985,2.5,25.14,2179.0,20.0,11.4,1.86,49.98,3.76
5.335,4.5725,10.0,2.0,3.154,0.0,10.67,600.0,0.0,3.2,0.56,,1.81
5.116734694,7.592387755,9.081632653,3.571428571,1.571428571,0.918367347,250.72,19878.0,45.0,16.6,2.78,31.38,0.33
4.45,5.975,6.0,6.0,2.89,4.0,8.9,679.0,8.0,8.9,2.15,17.25,4.0
4.01125,5.33875,10.0,3.5,2.0,0.0,32.09,1763.0,0.0,3.26,1.48,6.03,2.18
7.4335,4.67905,0.05,2.0,3.22,9.95,14.867,311.39,19.9,2.75,0.63,14.28,1.35
7.2425,4.625,0.75,4.0,3.695,9.25,28.97,1211.0,37.0,2.21,0.44,3.68,0.495
6.626666667,5.209188889,7.333333333,3.277777778,2.764444444,2.666666667,119.28,5060.0,48.0,7.11,1.1,22.258,0.8
3.715,6.1425,7.5,2.25,2.22,2.5,14.86,1122.0,10.0,8.96,2.11,,1.47
5.71,4.911818182,6.818181818,3.363636364,2.969090909,3.181818182,125.62,5142.0,70.0,5.56,1.52,9.96,1.79
6.2575,5.117525,2.5,4.25,2.5,7.5,25.03,874.0,30.0,2.07,1.02,,0.6
1.964375,7.46485,7.5,4.0,0.5,2.5,31.43,3646.0,40.0,9.75,1.79,11.08,3.74
4.394285714,5.831428571,8.857142857,3.428571429,2.311428571,1.142857143,30.76,2208.0,8.0,7.86,2.57,,0.64
11.735,6.7854,5.5,6.5,3.89,4.5,23.47,844.0,9.0,19.33,1.0,,0.606666667
0.93,4.558,10.0,2.4,2.4,0.0,4.65,1480.0,0.0,1.55,2.01,8.18,1.55
1.416,6.322,9.6,3.2,1.2,0.4,7.08,1381.0,2.0,4.54,2.56,,3.4125
8.074,5.16212,0.0,3.2,2.488,10.0,40.37,980.0,50.0,5.66,0.49,,0.5
5.25,4.72,6.666666667,2.5,2.74,3.333333333,63.0,2822.0,40.0,8.1,1.47,10.72,1.04
2.663571429,7.197142857,6.428571429,3.642857143,0.801428571,3.571428571,37.29,3224.0,50.0,12.0,2.17,,1.5
2.722,6.77093,9.7,3.7,1.18,0.3,27.22,2839.0,3.0,16.6,2.57,31.38,3.45
2.62,6.68505,10.0,5.5,1.0,0.0,5.24,427.0,0.0,5.24,2.56,8.99,1.119
6.678,4.822,4.0,2.4,3.6,6.0,33.39,1510.0,30.0,1.58,0.41,20.67,0.47
2.9875,5.8675,7.25,2.25,2.11,2.75,11.95,1214.0,11.0,8.96,2.45,13.88,3.3
2.768,4.932,9.8,2.8,2.04,0.2,13.84,1365.0,1.0,5.69,1.54,3.74,2.15
3.768,5.356,8.0,3.2,2.8,2.0,18.84,1516.0,10.0,5.24,0.79,35.22,2.23
4.9175,5.0275,8.333333333,2.75,2.406666667,1.666666667,59.01,2663.0,20.0,5.46,1.33,9.79,2.23
3.1125,5.5375,7.5,2.0,3.61,2.5,12.45,1454.0,10.0,7.13,1.66,36.58,3.05
3.655,6.48,5.0,3.0,2.0,5.0,7.31,551.0,10.0,7.31,1.92,6.81,3.0
6.546428571,4.801428571,5.0,1.928571429,3.791428571,5.0,91.65,3964.0,70.0,8.43,1.04,25.98,1.0
6.16442947,5.198037376,6.406109614,3.031446541,2.404061096,3.593890386,68.6101,2171.92,40.0,7.88,1.52,9.21,1.0
6.653333333,5.0206,3.333333333,2.666666667,2.813333333,6.666666667,19.96,694.0,20.0,10.08,0.63,16.83,0.3
6.955,4.585,0.0,2.0,3.61,10.0,27.82,957.0,40.0,0.62,0.42,12.84,0.35
5.25,6.11,5.0,2.0,2.72,5.0,10.5,533.0,10.0,10.5,2.17,11.08,1.57
9.3753,6.4021062,0.0,2.0,3.22,10.0,18.7506,268.404,20.0,7.26,0.63,15.195,0.0635
3.275,4.465,7.5,2.0,3.61,2.5,13.1,1213.0,10.0,5.31,0.76,49.89,2.07
8.293333333,4.85,1.0,5.0,3.26,9.0,24.88,1037.0,27.0,6.16,0.73,6.51,0.25
4.02,6.93276,9.4,3.2,2.0,0.6,20.1,1933.0,3.0,16.6,2.64,31.38,1.78
2.600526316,7.072105263,7.894736842,3.473684211,1.016842105,2.105263158,49.41,4728.0,40.0,11.4,1.86,,3.7
1.344938272,7.182839506,7.75308642,3.851851852,0.177777778,2.24691358,108.94,16681.0,182.0,6.66,2.78,7.6,2.34
4.7225,4.2642,4.95,2.0,3.0022,5.05,9.445,585.21,10.1,5.95,0.63,13.68,2.21
5.26,5.0775,2.5,3.0,2.0,7.5,21.04,735.0,30.0,4.82,1.29,17.78,0.43
0.87,7.1725,10.0,3.0,0.416666667,0.0,10.44,2692.0,0.0,4.79,2.78,,4.936666667
1.788888889,6.658888889,9.222222222,3.444444444,1.333333333,0.777777778,16.1,3068.0,7.0,8.57,2.45,,3.58
3.335833333,4.647083333,10.0,2.25,2.943333333,0.0,80.06,6773.0,0.0,4.08,1.24,36.28,1.39
4.124166667,5.197533333,9.166666667,2.833333333,2.516666667,0.833333333,49.49,3293.0,10.0,9.33,0.93,3.87,3.08
4.3512,5.563736,9.6,2.8,2.452,0.4,21.756,1680.6,2.0,7.77,1.44,,1.25
3.645,5.2175,9.5,3.0,2.5,0.5,29.16,2850.0,4.0,4.44,1.45,,2.01
5.334,5.264,9.6,2.8,2.4,0.4,26.67,1527.0,2.0,1.36,1.27,0.49,1.773333333
6.029130435,5.045217391,5.652173913,2.608695652,2.8,4.347826087,27.734,1114.2,20.0,4.17,0.8,,1.32
2.2,7.142727273,8.181818182,3.454545455,0.989090909,1.818181818,24.2,2683.0,20.0,7.31,2.1,6.47,2.97
6.230697674,4.955581395,5.348837209,2.441860465,2.995348837,4.651162791,26.792,1074.6,20.0,4.17,0.8,,1.1
3.874166667,5.495841667,6.666666667,3.916666667,2.333333333,3.333333333,46.49,3179.0,40.0,4.62,1.43,18.15,0.98
3.282727273,4.828181818,7.272727273,2.727272727,2.403636364,2.727272727,36.11,2627.0,30.0,6.34,1.54,5.6,2.93
2.095714286,7.217142857,9.142857143,3.857142857,1.254285714,0.857142857,14.67,2156.0,6.0,10.2,3.12,31.78,3.78
4.096666667,4.613333333,6.666666667,2.0,3.48,3.333333333,12.29,742.0,10.0,6.83,0.77,,2.1035
3.661428571,5.234057143,9.714285714,2.857142857,2.285714286,0.285714286,25.63,2090.0,2.0,6.35,1.39,8.33,2.55
4.244,5.666713333,8.0,2.533333333,2.621333333,2.0,63.66,3537.0,30.0,12.53,1.54,,2.86
5.566666667,4.84,7.666666667,4.666666667,3.593333333,2.333333333,16.7,1006.0,7.0,6.83,1.05,25.98,0.6
6.5345,6.547311667,6.0,2.0,2.842666667,4.0,98.0175,2489.75,60.0,11.63,1.7,4.47,1.66
6.686666667,3.993333333,3.666666667,4.0,3.926666667,6.333333333,20.06,1115.0,19.0,4.43,0.77,8.47,0.235
5.521666667,5.181666667,8.916666667,2.75,2.703333333,1.083333333,66.26,3573.0,13.0,4.17,1.27,30.74,2.0
4.297692308,7.586346154,8.615384615,4.076923077,1.335384615,1.384615385,55.87,4353.0,18.0,19.3,2.57,35.18,3.39
2.699444444,5.451666667,10.0,3.333333333,2.111111111,0.0,48.59,4604.0,0.0,5.32,1.84,35.22,2.91
3.125,6.80125,5.0,3.75,1.125,5.0,25.0,1889.0,40.0,6.69,1.74,,2.61
4.784545455,5.211436364,8.181818182,2.863636364,2.498181818,1.818181818,105.26,5939.0,40.0,9.33,0.93,35.22,2.35
4.96875,4.5725,8.25,2.75,2.555,1.75,39.75,2144.0,14.0,7.43,1.48,24.21,2.19
2.9225,4.8725,7.5,3.0,2.0,2.5,11.69,910.0,10.0,5.83,1.65,18.15,1.69
3.600606061,6.978957576,6.363636364,3.606060606,1.181818182,3.636363636,118.82,7779.0,120.0,9.75,1.79,,3.25
5.703,5.43024,9.6,2.8,2.4,0.4,57.03,3058.0,4.0,5.05,1.27,12.4,1.26
4.4575,4.8325,6.25,2.25,3.415,3.75,35.66,2375.0,30.0,6.89,1.03,,3.15
4.70625,5.63255,9.75,3.75,2.525,0.25,37.65,2670.0,2.0,11.23,1.46,,0.7
3.9,6.539466667,9.333333333,3.333333333,1.333333333,0.666666667,11.7,1074.0,2.0,11.7,2.59,15.88,3.4
0.835,5.9925,9.166666667,2.75,0.666666667,0.833333333,10.02,2578.5,10.0,6.24,2.68,17.27,4.9
2.87,5.246533333,9.833333333,3.5,2.333333333,0.166666667,34.44,3602.0,2.0,9.88,1.46,15.44,3.02
4.53,5.225253333,9.333333333,2.933333333,2.0,0.666666667,67.95,3018.0,10.0,7.88,1.52,25.61,1.02
4.706666667,4.886666667,9.333333333,3.333333333,2.666666667,0.666666667,14.12,924.0,2.0,0.25,1.08,8.76,1.55
1.827058824,6.89,9.411764706,3.764705882,1.032941176,0.588235294,93.18,14493.0,30.0,10.2,2.68,31.78,3.3
0.89047619,6.224285714,10.0,2.761904762,1.047619048,0.0,18.7,6545.0,0.0,2.34,2.67,49.98,7.3
4.1,5.089411765,8.823529412,3.117647059,2.228235294,1.176470588,139.4,7762.0,40.0,6.45,1.47,6.03,2.2
6.201428571,5.045714286,3.857142857,2.714285714,2.428571429,6.142857143,43.41,2057.0,43.0,0.09,1.04,11.29,0.43
3.7625,3.75,7.5,1.0,2.61,2.5,15.05,811.0,10.0,8.11,0.87,33.94,0.99
6.446363636,4.811818182,0.454545455,2.454545455,2.725454545,9.545454545,141.82,4182.0,210.0,5.44,1.29,,1.61
6.0525,5.49635,2.5,3.75,1.485,7.5,48.42,1533.0,60.0,9.33,0.73,18.15,2.0
5.3375,5.4975,4.75,2.25,2.61,5.25,21.35,1207.0,21.0,8.96,2.58,,2.31
2.8425,4.98,7.5,3.0,2.0,2.5,11.37,981.0,10.0,6.15,1.55,18.15,1.36
4.962,5.211,5.0,3.0,3.0,5.0,9.924,570.6,10.0,5.24,0.79,5.31,1.05
4.467,7.13483,7.55,3.5,1.4,2.45,89.34,6323.0,49.0,16.6,2.68,,3.5
2.835,4.615,10.0,1.5,1.5,0.0,11.34,539.0,0.0,3.86,1.32,25.61,0.6
7.4575,5.0497,5.0,2.75,3.11,5.0,29.83,945.0,20.0,5.71,0.86,4.61,0.34
5.133636364,5.330909091,9.818181818,3.090909091,2.545454545,0.181818182,56.47,3189.0,2.0,1.36,1.27,30.74,1.08
6.04,5.035,5.0,2.5,2.72,5.0,12.08,450.0,10.0,5.84,1.05,7.76,2.998325
3.6075,4.9372,7.5,3.0,2.0,2.5,14.43,926.0,10.0,9.21,1.55,9.58,0.16
3.621052632,5.421052632,10.0,3.684210526,2.547368421,0.0,68.8,5791.0,0.0,4.93,1.46,,2.62
6.007022222,5.955866667,6.666666667,2.0,2.591111111,3.333333333,54.0632,1410.88,30.0,12.64,1.65,4.97,2.28
6.7872,5.243456,0.0,3.6,2.4,10.0,33.936,1082.0,50.0,3.51,0.25,8.57,0.197
5.0925,5.390113333,6.620833333,3.325,2.37,3.379166667,122.22,6407.6,81.1,9.33,1.45,9.58,1.0
4.855,4.475,10.0,2.0,3.088,0.0,9.71,612.0,0.0,3.2,0.56,22.11,2.3
6.081111111,5.164044444,6.666666667,3.333333333,2.222222222,3.333333333,54.73,1842.0,30.0,8.22,1.48,9.11,0.57
4.23,6.62984,6.0,3.6,1.088,4.0,21.15,1022.0,20.0,11.4,1.86,11.08,2.45
2.17,3.78,10.0,2.0,1.333333333,0.0,6.51,407.0,0.0,3.93,1.47,4.36,1.8
7.171535581,6.247608614,8.243445693,4.752808989,2.948539326,1.756554307,19.148,1003.55,4.69,20.33,1.06,24.38,2.0
7.963,5.250044,5.15,3.0,2.2434,4.85,15.926,429.99,9.7,9.33,0.73,,0.28
3.793333333,5.12875,9.583333333,2.708333333,2.683333333,0.416666667,18.208,1363.6,2.0,6.89,0.98,11.33,2.675
2.846363636,4.802727273,8.181818182,2.727272727,2.261818182,1.818181818,31.31,2830.0,20.0,6.34,1.54,,3.27
6.553846154,4.775384615,3.076923077,2.461538462,2.972307692,6.923076923,85.2,3199.0,90.0,3.06,0.57,11.9,1.13
4.924,4.619,8.0,2.0,3.22,2.0,9.848,578.6,4.0,5.49,0.7,27.04,1.85
5.563636364,5.564145455,7.272727273,2.545454545,2.363636364,2.727272727,61.2,2871.0,30.0,6.48,1.4,15.77,1.43
6.234481481,5.208557778,6.096296296,3.332962963,2.450740741,3.903703704,168.331,6011.73,105.4,8.89,1.47,8.97,0.39
2.987,6.83738,9.5,3.0,1.2,0.5,29.87,3231.0,5.0,16.6,2.67,31.38,4.5
6.036,5.332,4.0,3.6,2.4,6.0,30.18,1195.0,30.0,0.51,0.03,10.21,1.67375
6.733333333,4.896666667,7.666666667,4.666666667,3.593333333,2.333333333,20.2,1224.0,7.0,10.33,1.14,25.98,1.2
5.195,5.6772,5.0,2.75,2.61,5.0,20.78,1073.0,20.0,9.75,2.11,12.83,1.07
6.752,5.2222,4.0,4.8,2.32,6.0,33.76,1005.0,30.0,1.28,1.03,8.86,0.7
2.19,4.192,10.0,2.4,2.4,0.0,10.95,1219.0,0.0,5.73,1.8,27.34,1.332
3.9,5.51,10.0,3.5,2.5,0.0,31.2,2324.0,0.0,3.66,0.38,25.98,2.4
1.746666667,7.213341667,8.333333333,3.833333333,0.916666667,1.666666667,20.96,3267.0,20.0,6.69,2.56,49.98,3.46
3.302857143,5.114285714,9.714285714,2.857142857,2.285714286,0.285714286,23.12,2126.0,2.0,4.08,1.45,6.58,2.85
2.318461538,7.103076923,8.461538462,4.0,1.196923077,1.538461538,30.14,3934.0,20.0,10.2,2.64,31.78,3.12
5.64,4.93,5.909090909,2.454545455,2.725454545,4.090909091,124.08,4549.0,90.0,5.78,1.48,5.13,1.76
4.97,5.45604,10.0,5.2,2.0,0.0,24.85,1037.0,0.0,0.45,1.25,2.52,1.02
7.164,5.41256,4.0,2.4,2.4,6.0,35.82,1173.0,30.0,2.31,0.99,6.43,0.69
3.941428571,5.531428571,10.0,3.714285714,2.285714286,0.0,27.59,1765.0,0.0,2.97,0.09,,2.2
3.78,5.301666667,10.0,3.333333333,2.0,0.0,45.36,2611.0,0.0,3.26,1.52,6.03,2.41
3.549473684,5.389473684,9.789473684,3.052631579,2.568421053,0.210526316,67.44,6155.0,4.0,4.59,1.44,35.22,2.3
6.954,4.25,0.0,1.2,3.864,10.0,34.77,917.0,50.0,0.44,0.42,12.55,0.176666667
4.628,5.760046667,8.0,2.533333333,2.621333333,2.0,69.42,3349.0,30.0,12.64,1.65,35.22,2.67
5.612666667,5.308666667,8.666666667,3.466666667,2.456,1.333333333,84.19,3972.0,20.0,2.52,1.25,,1.89
4.746428571,5.099828571,2.142857143,3.857142857,0.642857143,7.857142857,66.45,1647.0,110.0,8.89,1.43,8.97,2.1
6.2902,4.58585,5.05,2.0,3.22,4.95,12.5804,548.4,9.9,0.96,0.55,,1.37
6.085866667,5.898511111,6.666666667,2.0,2.591111111,3.333333333,54.7728,1439.52,30.0,12.53,1.54,4.97,2.03
4.005666667,5.67569,7.333333333,3.066666667,2.510666667,2.666666667,48.068,2981.2,32.0,12.64,1.65,,2.78
11.99333333,5.7445,1.333333333,4.0,3.926666667,8.666666667,35.98,1315.0,26.0,15.91,0.49,11.93,0.236666667
8.073106796,5.247545631,4.757281553,3.029126214,2.228737864,5.242718447,16.6306,434.64,10.8,6.61,0.55,,0.28
5.0925,5.18,7.5,2.75,3.11,2.5,20.37,1144.0,10.0,8.43,1.04,25.98,2.2
6.452,5.12,4.0,3.6,2.44,6.0,32.26,1303.0,30.0,0.53,1.02,10.6,1.32
5.351666667,5.201816667,8.833333333,4.0,2.463333333,1.166666667,32.11,1337.0,7.0,7.03,1.52,14.1,0.95
4.934615385,6.722892308,6.769230769,2.923076923,2.135384615,3.230769231,64.15,2209.0,42.0,13.5,1.65,,3.22
4.866666667,5.087822222,6.111111111,3.222222222,2.788888889,3.888888889,43.8,2358.0,35.0,9.33,1.13,10.33,1.45
7.525,5.49955,10.0,3.0,3.0,0.0,15.05,534.0,0.0,3.59,0.99,10.86,1.18
8.064444444,6.384922222,4.444444444,2.0,3.133333333,5.555555556,72.58,1663.0,50.0,11.43,0.95,,2.05
1.058333333,7.340833333,9.166666667,3.666666667,0.666666667,0.833333333,12.7,2891.0,10.0,6.69,2.83,19.65,4.68
3.492,6.89476,9.4,3.2,1.2,0.6,17.46,1619.0,3.0,16.6,2.78,31.38,3.5
3.95,4.72,7.5,2.25,3.11,2.5,15.8,1222.0,10.0,6.89,0.98,11.33,3.5
2.368571429,4.422857143,10.0,1.142857143,2.857142857,0.0,16.58,3602.0,0.0,0.2,0.96,41.9,3.68
8.7382,5.079992,0.0,2.98,2.24,10.0,17.4764,394.88,20.0,5.16,0.56,14.23,0.37
4.49375,5.58255,9.5,3.0,2.5,0.5,35.95,2860.0,4.0,11.23,1.45,22.34,0.7
4.5775,4.59575,5.05,2.0,3.22,4.95,9.155,558.3,9.9,5.49,0.7,,1.3
6.898888889,4.838888889,0.0,2.555555556,2.862222222,10.0,62.09,2052.0,90.0,2.72,0.57,14.23,1.1065
5.127145,4.610975,10.0,2.0,4.0,0.0,5.127145,381.8375,0.0,2.99,0.06,,1.042
3.2665,7.370615,9.4,3.5,1.167,0.6,65.33,6336.0,12.0,19.3,2.83,,3.27
1.812631579,6.679473684,7.578947368,3.631578947,0.883157895,2.421052632,68.88,8856.0,92.0,7.86,2.68,17.27,1.98
5.9455,4.7465,5.5,2.0,3.22,4.5,11.891,381.0,9.0,2.34,0.85,22.11,2.34
2.743636364,6.895454545,9.272727273,3.272727273,1.398181818,0.727272727,30.18,3658.0,8.0,10.2,2.57,31.78,2.0
7.27,5.2944,5.0,3.5,2.5,5.0,14.54,434.0,10.0,4.96,0.48,4.61,0.4
5.142,5.44152,6.0,3.6,2.4,4.0,25.71,1251.0,20.0,7.68,0.66,9.58,1.32
4.58,5.164285714,10.0,3.0,2.205714286,0.0,64.12,3108.0,0.0,2.4,1.33,2.16,1.63
8.443333333,4.703333333,1.0,4.666666667,3.593333333,9.0,25.33,1102.0,27.0,6.16,0.73,6.51,0.5
0.935,5.635,10.0,3.0,0.5,0.0,1.87,200.0,0.0,1.87,2.03,1.14,7.95
7.831,5.20316,4.0,3.0,2.376,6.0,15.662,438.2,12.0,6.61,0.61,12.691,0.14
9.215,7.08845,0.0,2.5,2.22,10.0,36.86,336.0,40.0,8.57,0.73,5.525,2.37
4.658235294,5.288611765,5.882352941,3.117647059,2.515294118,4.117647059,79.19,4383.0,70.0,7.68,0.97,,1.42
2.217142857,7.098571429,8.371428571,3.885714286,1.257142857,1.628571429,77.6,11881.0,57.0,8.57,2.41,26.18,3.2
2.623030303,7.142169697,8.606060606,3.696969697,0.962424242,1.393939394,86.56,8403.0,46.0,11.4,2.35,20.68,3.37
4.975,5.5775,7.25,2.25,2.61,2.75,19.9,1237.0,11.0,8.96,2.58,12.83,2.83
6.05,4.995,5.0,2.5,2.72,5.0,12.1,470.0,10.0,2.52,0.79,,1.254725
4.77625,5.4622,6.25,3.5,2.18,3.75,38.21,1885.0,30.0,7.68,1.04,9.58,1.5
6.3090625,5.419334375,8.75,2.5625,2.555,1.25,201.89,7322.0,40.0,6.93,1.52,10.11,2.06
4.6,4.8,5.0,2.0,3.22,5.0,9.2,410.0,10.0,5.06,1.03,5.6,3.7042
4.825,7.973525,9.0,4.0,1.445,1.0,19.3,1596.0,4.0,19.3,2.31,35.18,2.8
3.822380952,6.731066667,6.904761905,3.19047619,1.258095238,3.095238095,80.27,5707.0,65.0,11.4,2.33,49.98,1.8
4.124,4.46,10.0,2.0,4.0,0.0,4.124,407.0,0.0,2.99,0.06,,0.9
6.408,5.092,3.6,2.8,2.48,6.4,32.04,1429.0,32.0,0.42,1.03,,1.31
5.722857143,4.932985714,5.714285714,2.285714286,3.474285714,4.285714286,40.06,2003.0,30.0,6.89,1.36,,1.56
3.16,7.06768,9.6,2.8,1.2,0.4,15.8,1543.0,2.0,7.9,2.52,9.83,5.3
1.691428571,6.992142857,9.678571429,3.75,1.035714286,0.321428571,47.36,7487.0,9.0,6.11,2.56,20.68,2.47
7.655,5.24968,5.5,3.0,2.298,4.5,15.31,446.3,9.0,9.33,0.73,35.22,0.32
4.488461538,5.102307692,5.384615385,2.615384615,2.664615385,4.615384615,58.35,3411.0,60.0,5.24,0.97,1.54,0.845
8.6973,5.085688,0.0,3.0,2.2668,10.0,17.3946,399.36,20.0,5.16,0.38,12.691,0.28
5.763333333,5.066666667,1.666666667,5.0,1.926666667,8.333333333,17.29,495.0,25.0,2.5,0.91,4.23,4.22
4.506976744,6.294576744,6.046511628,3.627906977,0.964651163,3.953488372,193.8,7502.0,170.0,11.4,1.86,4.579,3.44
5.813333333,6.023466667,9.333333333,3.333333333,2.666666667,0.666666667,17.44,1177.0,2.0,11.23,1.29,22.34,2.9
3.115714286,5.655714286,10.0,3.714285714,2.285714286,0.0,21.81,1999.0,0.0,3.66,0.38,25.98,2.48
3.012,6.57488,6.7,3.0,1.688,3.3,30.12,2477.0,33.0,9.75,2.35,,2.4
7.71,4.5375,1.0,3.5,3.805,9.0,30.84,1096.0,36.0,4.26,0.68,6.19,0.3675
6.077142857,5.624842857,10.0,3.857142857,2.285714286,0.0,42.54,1720.0,0.0,4.28,1.25,13.21,1.7
4.449090909,5.373354545,9.090909091,2.909090909,2.221818182,0.909090909,48.94,2225.0,10.0,11.97,1.48,6.03,2.32
3.33,5.725,9.5,2.0,3.1,0.5,6.66,892.0,1.0,6.66,2.07,5.1,0.7
2.12,7.209066667,8.916666667,3.833333333,1.0,1.083333333,50.88,6334.0,26.0,9.75,2.35,20.68,2.2
2.62,5.94005,10.0,5.0,2.5,0.0,5.24,651.0,0.0,5.24,2.06,8.85,1.25
6.973333333,5.43985,6.666666667,2.5,2.74,3.333333333,83.68,2878.0,40.0,18.44,1.47,10.22,2.28
4.142,4.577,8.0,2.0,3.22,2.0,8.284,583.8,4.0,5.49,0.7,,2.05
2.920909091,4.837272727,9.090909091,2.727272727,2.403636364,0.909090909,32.13,2777.0,10.0,6.16,1.54,35.22,3.145
2.898888889,5.32,8.888888889,3.111111111,1.937777778,1.111111111,26.09,2020.0,10.0,7.31,1.84,6.03,3.42
2.625,3.6275,7.5,1.5,1.5,2.5,10.5,559.0,10.0,5.72,1.09,17.78,0.8
7.0035,4.819845,0.0,2.0,3.22,10.0,14.007,321.0,20.0,7.26,0.62,15.195,1.785
5.93825,4.74225,5.75,2.0,3.22,4.25,11.8765,392.5,8.5,2.34,0.85,22.11,2.25
1.563636364,6.466363636,9.090909091,2.545454545,1.312727273,0.909090909,17.2,3411.0,10.0,8.65,2.79,49.98,4.2
5.967659574,5.072553191,5.744680851,2.659574468,2.740425532,4.255319149,28.048,1127.4,20.0,4.17,0.8,9.79,1.21
5.95,5.7509,5.0,3.0,1.72,5.0,11.9,303.0,10.0,11.9,1.23,0.912,3.4182
2.37,6.424545455,7.272727273,2.363636364,1.756363636,2.727272727,26.07,3033.0,30.0,7.13,2.16,49.98,2.6
6.306666667,5.256675,0.833333333,3.916666667,2.333333333,9.166666667,75.68,2605.0,110.0,1.45,1.02,10.66,0.54
5.263,5.31588,8.0,3.3,2.644,2.0,52.63,2483.0,20.0,8.68,0.86,10.64,1.4
2.767575758,5.13969697,10.0,3.03030303,2.424242424,0.0,91.33,9455.0,0.0,3.79,1.66,35.22,3.1
7.17,4.638,0.5,2.0,3.198,9.5,14.34,336.9,19.0,5.95,0.63,13.68,1.36
4.361333333,5.553706667,9.333333333,2.666666667,2.429333333,0.666666667,65.42,4223.0,10.0,6.48,1.4,18.15,2.58
2.097142857,8.006971429,7.142857143,4.285714286,0.428571429,2.857142857,14.68,1219.0,20.0,9.75,2.4,11.08,3.97
6.5424,5.257152,0.0,3.6,2.4,10.0,32.712,1104.0,50.0,3.51,0.25,,0.28
4.69,4.6025,5.5,2.0,3.22,4.5,9.38,561.0,9.0,5.49,0.7,,1.32
4.596470588,4.935294118,9.529411765,3.411764706,2.235294118,0.470588235,78.14,4521.0,8.0,7.71,1.47,25.37,1.53
6.89,5.36192,5.2,3.6,2.4,4.8,34.45,1083.0,24.0,4.96,0.48,10.8,0.7
4.295,5.6,7.25,2.25,2.61,2.75,17.18,1289.0,11.0,8.96,2.58,12.83,3.12
6.888,4.632,1.6,4.8,3.512,8.4,34.44,1427.0,42.0,1.62,0.68,3.69,0.47
6.952,4.6235,0.5,2.0,3.22,9.5,13.904,509.0,19.0,1.58,0.59,24.44,0.27
4.452,6.28152,6.0,3.6,1.733333333,4.0,100.17,5404.5,90.0,9.75,1.79,11.08,1.27
2.008333333,6.958333333,9.333333333,3.833333333,1.111111111,0.666666667,36.15,5710.0,12.0,8.57,2.78,26.18,3.46
3.175,5.61,7.5,2.5,2.11,2.5,12.7,839.0,10.0,7.13,2.64,7.53,3.9
5.935,4.64875,8.75,2.0,3.22,1.25,11.87,578.0,2.5,0.96,0.55,22.11,0.65
4.80125,4.4725,8.25,2.75,2.555,1.75,38.41,2152.0,14.0,8.1,1.47,24.07,2.14
6.550689655,5.391806897,5.862068966,3.379310345,2.297931034,4.137931034,189.97,6607.0,120.0,6.61,0.55,,0.8
5.02125,4.91,6.25,2.25,3.415,3.75,40.17,2281.0,30.0,6.89,1.04,35.22,2.05
3.199230769,5.228461538,7.692307692,2.923076923,2.716923077,2.307692308,41.59,3255.0,30.0,5.31,1.03,6.66,3.07
2.143333333,6.343333333,8.333333333,2.333333333,1.406666667,1.666666667,12.86,1511.0,10.0,8.65,2.83,49.98,2.58
0.913888889,6.608333333,10.0,2.666666667,1.111111111,0.0,16.45,6168.0,0.0,2.34,2.83,49.98,6.89
4.251818182,4.877272727,8.181818182,2.727272727,2.261818182,1.818181818,46.77,2622.0,20.0,6.77,1.37,47.55,2.54
8.07455,5.249448,5.0,3.0,2.2278,5.0,16.1491,424.06,10.0,6.61,0.61,2.231,0.2025
7.908,5.07514,1.5,3.0,2.454,8.5,15.816,447.3,17.0,6.08,0.32,32.141,0.48
6.735,5.2952,5.0,3.0,2.22,5.0,13.47,475.0,10.0,9.33,0.73,3.079,0.362071429
4.433333333,7.703466667,9.333333333,3.333333333,1.333333333,0.666666667,13.3,1117.0,2.0,13.3,2.42,23.84,5.55
1.107368421,6.768947368,10.0,2.842105263,1.157894737,0.0,21.04,6537.0,0.0,3.5,2.64,49.98,5.17
1.269230769,6.727323077,9.615384615,2.769230769,1.170769231,0.384615385,33.0,9249.0,10.0,11.4,2.68,49.98,4.75
1.155833333,6.685,10.0,2.833333333,1.166666667,0.0,13.87,3925.0,0.0,5.32,2.79,49.98,5.58
6.202,5.002,6.8,5.6,3.512,3.2,31.01,1949.0,16.0,10.33,1.1,19.78,0.8
0.768333333,4.415,9.833333333,1.666666667,2.0,0.166666667,4.61,1807.0,1.0,2.99,2.18,13.74,2.9
4.601818182,4.794545455,8.181818182,2.727272727,2.261818182,1.818181818,50.62,2443.0,20.0,6.34,1.36,34.34,2.47
5.980952381,4.762890476,6.19047619,3.761904762,2.792380952,3.80952381,125.6,5058.0,80.0,1.45,0.82,14.28,0.6
5.406,5.662,0.0,4.4,0.8,10.0,27.03,730.0,50.0,2.38,0.57,,2.38
5.803326653,5.145631263,5.991983968,2.795591182,2.581162325,4.008016032,28.9586,1165.68,20.0,4.17,0.8,9.79,1.45
5.695,4.7225,7.5,2.25,3.11,2.5,22.78,1064.0,10.0,7.8,0.86,,2.55
6.593333333,5.023333333,8.333333333,4.333333333,3.26,1.666666667,19.78,1112.0,5.0,5.41,1.05,,1.6
4.144285714,5.864285714,8.285714286,2.571428571,2.062857143,1.714285714,29.01,1929.0,12.0,7.13,2.58,7.1,3.4
4.393333333,4.213333333,10.0,2.0,3.333333333,0.0,13.18,918.0,0.0,2.78,0.75,,0.9
7.152857143,4.385714286,1.285714286,1.857142857,3.617142857,8.714285714,50.07,2028.0,61.0,4.49,0.97,6.09,0.72
5.285,6.104225,7.5,2.5,2.61,2.5,21.14,799.0,10.0,11.43,1.51,6.03,1.93
5.953076923,5.053846154,5.384615385,2.615384615,2.664615385,4.615384615,77.39,3047.0,60.0,2.52,0.79,3.43,0.63875
3.205714286,5.065714286,8.571428571,2.857142857,2.348571429,1.428571429,22.44,1822.0,10.0,5.78,1.66,35.22,3.1
4.3575,4.7425,7.5,2.5,2.11,2.5,17.43,858.0,10.0,6.77,1.37,3.69,2.83
2.972857143,4.605714286,10.0,1.285714286,3.014285714,0.0,20.81,3794.0,0.0,4.43,0.96,43.31,4.9
4.658,4.6055,8.5,2.0,3.22,1.5,9.316,584.2,3.0,5.49,0.7,,2.05
3.112,7.06293,9.7,3.7,1.18,0.3,31.12,2843.0,3.0,16.6,2.64,31.38,3.02
3.534,5.578,10.0,3.6,2.4,0.0,17.67,1441.0,0.0,3.66,0.38,25.98,2.416333333
3.985777778,5.519342222,9.733333333,2.977777778,2.488888889,0.266666667,89.68,7236.5,6.0,5.83,1.39,35.22,2.2
3.1975,5.363333333,8.333333333,3.333333333,2.166666667,1.666666667,38.37,3017.0,20.0,4.62,1.51,18.15,2.4
0.335,6.94875,10.0,2.75,0.5,0.0,2.68,1837.0,0.0,1.82,2.78,2.11,6.975
0.765,6.64,10.0,3.0,0.5,0.0,1.53,165.0,0.0,1.53,3.4,1.93,10.4
5.72,5.385785714,7.857142857,3.857142857,2.542857143,2.142857143,80.08,3363.0,30.0,2.73,1.26,1.94,0.7
2.436666667,6.09,6.666666667,4.0,1.333333333,3.333333333,7.31,544.0,10.0,7.31,1.12,3.8,3.9
5.777777778,5.047133333,4.333333333,2.888888889,2.271111111,5.666666667,52.0,2029.0,51.0,4.4,1.1,11.9,1.12
6.948,5.34912,4.8,3.6,2.4,5.2,34.74,1077.0,26.0,4.96,0.48,10.8,0.28
1.184166667,6.788333333,10.0,2.833333333,1.166666667,0.0,14.21,3918.0,0.0,5.32,2.83,49.98,5.76
8.3,6.7269,8.5,3.0,4.0,1.5,16.6,1255.0,3.0,16.6,1.86,31.24,2.3
4.423,4.505,10.0,2.0,4.0,0.0,4.423,399.5,0.0,2.99,0.06,13.61,0.88
1.296666667,6.090833333,9.5,3.0,1.166666667,0.5,15.56,3371.0,6.0,4.54,2.67,15.23,3.51
7.482,4.42,4.0,1.2,3.864,6.0,37.41,940.0,30.0,2.92,0.66,,0.2695
4.29,5.087142857,5.714285714,2.571428571,2.76,4.285714286,30.03,1733.0,30.0,5.24,1.03,5.6,2.753
2.71875,7.14095,7.5,3.5,1.25,2.5,21.75,2376.0,20.0,9.75,1.79,104.78,3.42
2.722857143,5.028964286,10.0,3.357142857,1.985714286,0.0,38.12,3313.0,0.0,6.66,1.65,25.98,2.2
3.526,4.37,10.0,2.0,4.0,0.0,3.526,422.0,0.0,2.99,0.06,13.61,0.94
3.918,5.51,6.0,3.6,2.4,4.0,19.59,1361.0,20.0,4.62,0.61,18.15,1.709
3.819846154,6.927538462,6.123076923,3.584615385,1.215384615,3.876923077,248.29,15356.0,252.0,9.75,2.39,15.23,3.1
2.6025,5.0225,10.0,3.0,2.0,0.0,10.41,1021.0,0.0,5.19,1.55,25.98,1.6
6.1725,5.07045,5.0,2.25,2.97,5.0,24.69,852.0,20.0,9.83,1.04,4.47,1.5
5.021,4.595,10.0,2.0,4.0,0.0,5.021,384.5,0.0,2.99,0.06,13.61,0.8
6.35,5.58545,10.0,3.5,2.5,0.0,12.7,454.0,0.0,1.24,0.98,20.04,1.02
6.851428571,4.748571429,0.0,2.285714286,2.822857143,10.0,47.96,1563.0,70.0,1.07,0.56,14.23,0.51
5.973333333,5.23,3.333333333,1.333333333,3.626666667,6.666666667,17.92,925.0,20.0,8.96,2.11,12.83,2.613333333
4.797142857,5.712414286,8.571428571,2.571428571,2.76,1.428571429,33.58,1749.0,10.0,11.43,0.95,3.87,2.815
7.9225,4.94295,0.0,2.5,2.72,10.0,31.69,819.0,40.0,5.66,0.56,14.23,0.666666667
5.701666667,5.559483333,8.166666667,2.333333333,2.406666667,1.833333333,34.21,1244.0,11.0,11.63,1.52,9.31,2.54
2.476666667,7.84,8.333333333,5.0,1.926666667,1.666666667,7.43,439.0,5.0,7.43,2.87,,9.9
3.031428571,5.029828571,8.571428571,3.142857143,2.285714286,1.428571429,21.22,1865.0,10.0,8.89,1.65,48.83,2.25
3.994285714,4.802857143,10.0,3.142857143,2.285714286,0.0,27.96,1581.0,0.0,3.58,0.99,30.25,2.02
8.06,5.07765,1.25,3.0,2.415,8.75,16.12,438.25,17.5,6.08,0.32,32.141,0.44
5.53,5.3525,8.75,3.25,2.4725,1.25,44.24,1920.0,10.0,8.5,1.33,10.91,2.15
3.182,4.382,8.0,2.0,3.088,2.0,6.364,607.8,4.0,5.49,0.7,,2.3
2.76375,4.7275,9.375,3.125,2.4725,0.625,22.11,2096.0,5.0,6.89,1.55,,3.06
3.8674,4.56735,9.95,2.0,3.22,0.05,7.7348,599.09,0.1,5.31,1.03,6.66,2.25
5.1107,4.6085,10.0,2.0,4.0,0.0,5.1107,382.25,0.0,2.99,0.06,13.61,1.042
3.726428571,5.494114286,8.571428571,3.857142857,0.642857143,1.428571429,52.17,1680.0,20.0,8.22,1.73,9.11,2.62
6.935957447,4.872765957,0.0,2.567375887,2.786099291,10.0,48.8985,1439.1,70.5,4.26,0.63,14.23,0.54
4.214444444,5.084444444,9.777777778,3.333333333,2.222222222,0.222222222,37.93,2376.0,2.0,5.65,1.47,16.24,2.0
3.001538462,4.313076923,10.0,2.615384615,2.0,0.0,39.02,2850.0,0.0,3.82,1.36,47.95,2.85
10.13333333,6.0845,8.0,4.333333333,3.593333333,2.0,30.4,1372.0,6.0,20.53,1.1,30.08,1.3
2.27,7.339173333,7.333333333,3.866666667,0.8,2.666666667,34.05,3577.0,40.0,9.75,1.79,,3.6
3.5225,5.3408625,8.75,2.5,2.305,1.25,28.18,1876.0,10.0,12.96,1.55,35.22,2.46
2.7948,6.6044,8.16,3.12,1.44,1.84,69.87,7411.0,46.0,6.69,2.58,19.65,2.6
4.88,3.765,7.5,3.5,4.89,2.5,9.76,733.0,5.0,5.1,0.51,38.5,0.6
1.655555556,7.375555556,10.0,3.777777778,0.888888889,0.0,14.9,2325.0,0.0,5.32,1.81,36.72,5.29
5.836,4.86925,5.0,2.0,3.22,5.0,11.672,372.8,10.0,6.58,1.04,4.97,2.13
2.979,6.48664,7.0,3.6,1.0,3.0,29.79,2020.0,30.0,9.75,2.68,11.08,3.35
4.965714286,4.72,5.714285714,2.285714286,2.982857143,4.285714286,34.76,1757.0,30.0,9.64,1.65,18.15,2.1
7.068571429,4.785428571,5.714285714,3.0,3.617142857,4.285714286,49.48,2084.0,30.0,4.17,1.23,6.36,0.16
2.676,7.022,6.0,3.6,1.2,4.0,13.38,1271.0,20.0,6.69,1.74,19.65,3.255
6.212222222,5.503133333,6.666666667,2.222222222,2.764444444,3.333333333,55.91,2330.0,30.0,18.44,1.65,10.83,2.75
4.56591133,5.382794447,6.941334528,2.194357367,2.84080609,3.058665472,101.9568,7203.54,68.3,8.96,2.58,12.83,2.0
4.82,4.39,5.0,2.0,4.0,5.0,9.64,754.0,10.0,4.98,0.17,,0.59
6.4625,4.8525,5.0,2.25,3.22,5.0,25.85,1035.0,20.0,4.17,0.8,9.79,0.951714286
2.24,6.075,7.5,2.25,3.61,2.5,8.96,1757.0,10.0,8.96,1.61,12.69,4.17
3.746666667,6.545133333,8.5,3.833333333,1.296666667,1.5,22.48,1634.0,9.0,21.4,2.68,19.38,2.3
4.64426,4.5383,10.0,2.0,4.0,0.0,4.64426,393.95,0.0,2.99,0.06,,1.503
4.936,5.201,10.0,3.0,2.488,0.0,49.36,2491.0,0.0,2.4,1.33,,2.515
5.22,5.1825,9.5,3.5,2.5,0.5,20.88,1290.0,2.0,1.72,1.14,10.21,1.45
2.001481481,7.42002963,7.444444444,4.185185185,0.288148148,2.555555556,54.04,5861.0,69.0,21.4,2.79,19.38,2.4
1.036923077,6.698015385,9.923076923,3.153846154,0.846153846,0.076923077,13.48,3238.0,1.0,7.9,2.67,9.83,4.185
6.19125,4.84375,6.25,2.25,3.415,3.75,49.53,2092.0,30.0,4.17,0.85,,1.63
4.28,4.715,5.0,2.0,2.0,5.0,8.56,341.0,10.0,4.82,1.09,17.78,0.705
3.633571429,5.327857143,6.428571429,3.428571429,2.285714286,3.571428571,50.87,3632.0,50.0,5.83,1.65,18.15,1.745
6.253478261,4.660434783,4.782608696,2.173913043,3.08,5.217391304,14.383,609.5,12.0,0.79,0.52,14.28,0.7
4.508,5.118,10.0,2.933333333,2.192,0.0,67.62,3288.0,0.0,2.4,1.33,2.16,2.51
7.582857143,5.495271429,0.0,2.571428571,2.76,10.0,53.08,1335.0,70.0,7.26,0.56,15.195,1.093333333
3.6875,4.8297,7.5,3.0,2.0,2.5,14.75,855.0,10.0,8.89,1.65,9.58,0.893333333
5.98,5.5628,6.0,3.333333333,2.0,4.0,17.94,1022.0,12.0,11.7,2.59,17.27,1.45
2.625,6.1225,7.5,2.25,3.61,2.5,10.5,1703.0,10.0,10.5,1.67,10.94,3.67
8.82025,5.0901607,0.0,2.9995,2.2205,10.0,17.6405,392.986,20.0,5.66,0.49,13.348,0.3
3.8,6.140133333,6.666666667,4.0,0.813333333,3.333333333,11.4,438.0,10.0,11.4,1.06,1.569,3.953333333
7.47,4.578571429,0.0,1.857142857,3.394285714,10.0,52.29,1396.0,70.0,2.72,0.63,14.23,0.7
6.0975,5.0947,5.0,2.75,3.11,5.0,24.39,1049.0,20.0,8.43,1.04,9.58,0.9
6.985,5.2559,5.0,2.5,2.72,5.0,13.97,461.0,10.0,9.83,0.9,2.422,1.365
5.3175,5.671375,7.5,3.5,2.56,2.5,21.27,1021.0,10.0,8.96,2.57,12.83,2.6
8.395,4.775,5.0,2.0,3.89,5.0,16.79,605.0,10.0,7.21,0.7,10.91,0.2
3.855,4.9297,7.5,3.0,2.0,2.5,15.42,851.0,10.0,8.22,1.66,,1.273333333
3.52,5.764,7.8,2.8,2.088,2.2,17.6,1473.0,11.0,7.31,2.58,5.98,2.73
5.735555556,5.022833333,4.444444444,3.444444444,2.248888889,5.555555556,51.62,1838.0,50.0,4.02,1.1,11.9,1.04
3.118181818,4.843636364,8.181818182,2.727272727,2.261818182,1.818181818,34.3,2755.0,20.0,6.34,1.54,,3.17
0.964210526,6.863163158,10.0,3.684210526,0.894736842,0.0,18.32,4603.0,0.0,5.24,2.56,8.99,3.987
4.596666667,4.843333333,10.0,2.666666667,3.333333333,0.0,13.79,1056.0,0.0,3.4,0.24,22.85,0.88
1.221666667,7.1,10.0,3.666666667,0.666666667,0.0,7.33,1387.0,0.0,4.79,2.56,,4.75
2.367692308,4.516923077,10.0,1.0,3.0,0.0,30.78,7202.0,0.0,0.36,0.47,,2.14
6.33075,4.6075845,4.95,2.0,3.22,5.05,12.6615,545.1,10.1,7.6,0.54,17.575,0.72
2.901666667,5.431666667,8.333333333,3.333333333,2.406666667,1.666666667,17.41,1674.0,10.0,5.49,0.97,2.6,3.12
7.81,4.382857143,0.0,1.285714286,3.822857143,10.0,54.67,1234.0,70.0,1.96,0.43,13.68,1.25
5.553333333,4.863333333,3.222222222,2.888888889,2.271111111,6.777777778,49.98,2011.0,61.0,3.81,1.1,14.23,1.36
6.788571429,5.206642857,4.285714286,4.857142857,2.342857143,5.714285714,47.52,1409.0,40.0,1.28,1.03,8.86,0.51
0.87,5.67,10.0,3.0,1.0,0.0,1.74,397.0,0.0,1.74,2.3,8.73,7.745
7.325,4.49,1.0,3.5,3.805,9.0,29.3,1150.0,36.0,2.72,0.68,4.44,0.16
6.782666667,4.702666667,4.666666667,1.733333333,3.968,5.333333333,101.74,4323.0,80.0,8.43,1.04,35.22,1.18
2.726666667,3.506666667,6.666666667,2.0,1.333333333,3.333333333,8.18,415.0,10.0,5.27,1.13,14.89,2.3
2.25,4.44625,10.0,1.0,2.875,0.0,36.0,8509.0,0.0,2.16,1.08,47.2,1.935
6.43775,5.0922675,5.0,2.0,3.22,5.0,12.8755,347.5,10.0,8.71,0.85,5.025,1.8
5.055,5.2,10.0,3.0,3.0,0.0,10.11,604.0,0.0,0.53,0.5,,1.182777778
6.216666667,5.728966667,10.0,3.333333333,2.333333333,0.0,18.65,771.0,0.0,4.28,1.2,13.21,1.07
4.617142857,5.057142857,8.571428571,3.285714286,2.285714286,1.428571429,64.64,3209.0,20.0,4.15,1.25,,0.75
3.93064,5.3594368,9.6,2.8,2.4,0.4,39.3064,3246.8,4.0,5.83,1.39,12.38,1.5
5.19,4.6325,7.5,2.0,3.22,2.5,10.38,573.0,5.0,5.49,0.7,27.04,1.55
7.183,5.23514,6.5,3.0,2.454,3.5,14.366,477.3,7.0,6.61,0.55,32.141,0.4
3.390871875,5.263944813,9.5915625,3.3459375,2.1875,0.4084375,108.5079,9746.08,13.07,15.74,1.65,29.88,1.88
8.846666667,6.378166667,7.666666667,5.0,3.26,2.333333333,26.54,1223.0,7.0,20.33,1.06,24.38,0.9
5.593333333,4.993333333,10.0,2.666666667,3.333333333,0.0,16.78,981.0,0.0,0.41,0.3,,1.053333333
6.606,4.82725,5.0,2.0,3.22,5.0,13.212,341.85,10.0,3.86,0.86,1.13,2.55
1.045263158,6.798884211,9.473684211,3.473684211,0.947368421,0.526315789,19.86,4674.0,10.0,9.75,2.51,,4.2
3.4125,5.133571429,9.642857143,2.821428571,2.38,0.357142857,95.55,7159.0,10.0,8.43,1.51,9.58,2.6
3.103714286,4.563142857,8.057142857,3.257142857,2.374857143,1.942857143,108.63,8551.0,68.0,8.04,1.65,14.47,1.555
6.7124,4.83915,5.0,2.0,3.22,5.0,13.4248,339.19,10.0,3.86,0.86,1.13,2.45
7.95185,5.244936,5.0,3.0,2.2746,5.0,15.9037,430.42,10.0,6.61,0.61,2.231,0.075
5.543333333,5.1584,5.0,2.833333333,2.813333333,5.0,33.26,1633.0,30.0,9.33,0.98,18.15,1.31
3.665,4.56,10.0,3.0,2.0,0.0,7.33,391.0,0.0,2.25,1.25,1.61,4.42
4.67,4.92775,10.0,4.5,2.9,0.0,9.34,522.0,0.0,5.7,1.17,7.97,1.09
1.970714286,7.4522,8.571428571,3.571428571,0.92,1.428571429,27.59,3806.0,20.0,11.4,1.86,6.47,3.76
3.428571429,5.485757143,10.0,5.285714286,2.0,0.0,24.0,1650.0,0.0,3.17,1.43,7.49,1.7
1.201578947,6.854147368,9.473684211,3.473684211,0.947368421,0.526315789,22.83,4632.0,10.0,9.75,2.56,,4.0
6.71,3.88,3.666666667,4.0,4.26,6.333333333,20.13,1157.0,19.0,4.36,0.65,4.42,0.95
2.92,6.84093,9.7,3.7,1.18,0.3,29.2,2811.0,3.0,16.6,2.57,31.38,3.38
3.715,4.7672,7.5,3.0,2.0,2.5,14.86,874.0,10.0,8.78,1.54,9.58,0.41
3.361111111,5.231111111,10.0,3.222222222,2.282222222,0.0,30.25,2369.0,0.0,4.93,1.51,6.03,2.12
3.315658658,6.867995029,9.254349627,3.917149959,1.323943662,0.745650373,40.02,3365.43,9.0,21.4,2.56,19.38,3.05
4.395230769,4.999846154,7.846153846,2.461538462,2.972307692,2.153846154,28.569,1869.3,14.0,6.89,0.98,11.33,2.15
2.17,6.73,9.333333333,3.333333333,1.333333333,0.666666667,6.51,1107.0,2.0,6.51,2.45,16.68,4.99
8.4175,6.354415,5.0,2.0,3.22,5.0,16.835,303.3,10.0,8.71,0.86,,1.1
3.947634409,5.089032258,9.247311828,2.634408602,2.769892473,0.752688172,18.3565,1329.55,3.5,6.89,0.98,11.33,2.55
2.134375,7.459225,7.5,4.0,0.5,2.5,34.15,3594.0,40.0,9.75,1.79,11.08,3.7
4.994444444,5.218888889,7.777777778,3.111111111,2.271111111,2.222222222,44.95,2000.0,20.0,3.81,1.33,16.61,1.92
3.63,6.64076,9.4,3.2,2.0,0.6,18.15,1931.0,3.0,16.6,2.51,31.38,2.4
5.418571429,5.340128571,10.0,3.142857143,2.411428571,0.0,37.93,1632.0,0.0,2.18,1.18,2.07,1.8
1.841212121,6.805151515,9.242424242,3.727272727,1.178787879,0.757575758,60.76,9742.0,25.0,10.2,2.79,31.78,3.51
6.52925,4.6998,4.95,2.0,3.22,5.05,13.0585,542.64,10.1,2.92,0.66,,0.76
3.538571429,5.235714286,7.142857143,2.857142857,2.348571429,2.857142857,24.77,1740.0,20.0,5.44,1.7,5.31,2.9
4.724,5.116,9.0,4.0,2.956,1.0,47.24,2554.0,10.0,5.61,0.95,11.39,2.5
7.802727273,5.286109091,0.0,3.090909091,1.654545455,10.0,85.83,1482.0,110.0,6.97,0.82,3.678,2.8
6.359,5.23,0.5,4.1,2.378,9.5,63.59,2054.0,95.0,1.19,0.72,5.44,2.0
1.788,6.382,9.6,2.8,1.2,0.4,8.94,1593.0,2.0,4.47,2.51,,5.6
8.054285714,5.3063,6.571428571,2.857142857,3.522857143,3.428571429,56.38,2433.0,24.0,14.51,1.0,28.71,1.65
5.918,4.336,4.0,1.2,3.864,6.0,29.59,966.0,30.0,6.83,0.77,5.53,0.5555
7.326666667,5.083333333,7.333333333,5.333333333,3.26,2.666666667,21.98,1010.0,8.0,7.61,0.92,14.81,0.6
3.552857143,5.171571429,10.0,4.285714286,2.228571429,0.0,24.87,1708.0,0.0,5.97,1.44,6.91,2.05
4.332857143,5.82,9.0,3.285714286,2.311428571,1.0,15.165,1035.5,3.5,7.43,2.57,11.83,2.01
2.893333333,4.946666667,9.333333333,3.333333333,2.666666667,0.666666667,8.68,1028.0,2.0,2.47,1.26,13.73,1.95
4.535,6.27345,10.0,2.5,3.0,0.0,9.07,790.0,0.0,9.07,2.01,19.54,2.7
4.588571429,5.064285714,8.571428571,2.857142857,2.634285714,1.428571429,32.12,1671.0,10.0,4.8,1.33,43.86,2.71
7.9723,5.245688,5.0,3.0,2.2668,5.0,15.9446,429.36,10.0,6.61,0.61,2.231,0.176666667
2.252058824,5.192432353,10.0,3.323529412,1.970588235,0.0,76.57,8151.0,0.0,6.11,1.65,,2.6
3.09,4.9725,7.5,3.0,2.0,2.5,12.36,906.0,10.0,5.16,1.66,18.15,2.063333333
3.43,5.805,10.0,4.0,2.0,0.0,6.86,506.0,0.0,2.72,0.18,4.97,1.9
2.424705882,6.976541176,8.235294118,3.058823529,1.136470588,1.764705882,41.22,5270.0,30.0,11.4,1.86,,3.64
5.37,5.1325,9.166666667,2.833333333,2.646666667,0.833333333,64.44,3035.0,10.0,2.52,0.75,1.44,2.55
5.345,4.965,10.0,2.5,2.72,0.0,10.69,513.0,0.0,1.11,0.75,1.1,2.083596154
5.205555556,4.892222222,6.666666667,2.666666667,2.368888889,3.333333333,46.85,1973.0,30.0,6.34,1.36,,2.17
4.162,7.58938,6.0,2.8,1.688,4.0,20.81,1110.0,20.0,13.5,2.08,,1.6
8.6155,5.08268,0.0,3.0,2.298,10.0,17.231,403.6,20.0,5.16,0.38,,0.16
4.01,3.672933333,6.666666667,2.0,2.0,3.333333333,12.03,516.0,10.0,9.21,0.89,8.3,0.4
2.972857143,6.688571429,6.428571429,3.857142857,1.682857143,3.571428571,20.81,1801.0,25.0,7.43,2.26,19.65,2.65
0.2425,6.54,10.0,3.0,1.0,0.0,0.97,1080.0,0.0,0.97,2.67,2.38,3.06
2.33299,4.19045,10.0,2.0,4.0,0.0,2.33299,451.925,0.0,2.99,0.06,13.61,1.09
4.18,4.5,7.333333333,4.666666667,3.926666667,2.666666667,12.54,1060.0,8.0,7.08,0.75,16.81,0.51
5.044444444,5.253488889,10.0,2.777777778,2.271111111,0.0,45.4,2072.0,0.0,5.05,1.33,5.47,2.35
7.871,6.10407,5.0,2.0,3.22,5.0,15.742,316.0,10.0,8.71,0.85,5.025,0.46
5.892222222,5.0295,3.333333333,3.444444444,2.248888889,6.666666667,53.03,1795.0,60.0,4.02,1.1,14.23,1.36
1.854285714,6.155,9.285714286,3.285714286,1.111428571,0.714285714,25.96,3675.0,10.0,10.2,2.79,,4.84
7.97875,6.827075,5.625,2.625,2.38,4.375,127.66,2016.0,70.0,10.38,1.02,4.395,2.8
4.187,5.26855,7.0,3.3,2.512,3.0,41.87,2610.0,30.0,5.45,1.44,6.91,1.18
6.91,4.375,0.0,1.5,3.72,10.0,13.82,393.0,20.0,0.44,0.42,,1.083333333
4.446666667,5.066666667,9.833333333,3.0,2.033333333,0.166666667,26.68,1417.0,1.0,5.8,1.47,,1.54
3.3575,5.95,7.25,2.25,2.11,2.75,13.43,1259.0,11.0,8.96,2.51,12.83,3.5
5.901428571,4.905714286,8.095238095,2.380952381,3.066666667,1.904761905,24.786,1113.0,8.0,4.17,0.8,7.46,1.58
5.88,5.853466667,6.666666667,4.0,0.813333333,3.333333333,17.64,420.0,10.0,8.28,0.8,0.491,3.31
3.506,6.454,7.2,3.2,2.088,2.8,17.53,1811.0,14.0,8.96,2.41,26.18,2.0
2.783636364,4.956363636,10.0,2.727272727,2.261818182,0.0,30.62,2945.0,0.0,5.36,1.55,,3.65
2.706818182,5.264545455,9.545454545,3.0,2.181818182,0.454545455,29.775,3204.5,5.0,4.62,1.51,48.48,3.01
2.242916667,7.0125,7.083333333,3.416666667,1.041666667,2.916666667,53.83,5898.0,70.0,6.69,2.64,19.65,2.7
3.808333333,5.405,10.0,3.333333333,2.0,0.0,45.7,2604.0,0.0,2.97,1.52,6.03,2.44
0.962352941,6.884117647,10.0,2.705882353,0.941176471,0.0,16.36,5329.0,0.0,3.5,2.64,49.98,5.12
6.886666667,3.873333333,3.666666667,4.0,4.593333333,6.333333333,20.66,1194.0,19.0,1.75,0.61,,0.46
3.13375,4.48,8.375,2.625,2.555,1.625,25.07,2148.0,13.0,8.1,1.65,19.18,1.82
4.7036,5.21955,5.0,3.0,3.0,5.0,9.4072,580.48,10.0,5.24,0.79,5.31,1.095
3.197032152,6.855638912,9.093157461,3.587798846,1.300906843,0.906842539,38.78,3514.37,11.0,21.4,2.58,19.38,2.52
4.773636364,4.787272727,7.727272727,3.181818182,2.525454545,2.272727273,52.51,2427.0,25.0,6.57,1.47,9.72,2.0
4.001304348,5.075217391,9.130434783,2.608695652,2.8,0.869565217,18.406,1318.2,4.0,6.89,0.98,,2.475
6.064444444,5.115211111,3.333333333,3.0,2.271111111,6.666666667,54.58,1905.0,60.0,5.57,1.1,16.64,1.35
0.877777778,7.578244444,9.888888889,2.888888889,0.666666667,0.111111111,7.9,2552.0,1.0,7.9,2.52,9.83,4.84
5.749375,5.1442,5.625,2.5,2.72,4.375,91.99,3975.0,70.0,9.83,0.97,3.87,2.63
6.333076923,5.3228,5.384615385,3.384615385,2.298461538,4.615384615,82.33,2803.0,60.0,4.96,0.79,,1.38
7.021428571,4.767742857,5.571428571,1.857142857,3.617142857,4.428571429,49.15,2093.0,31.0,4.17,1.21,6.36,0.14
4.768461538,4.800769231,6.923076923,2.615384615,2.289230769,3.076923077,61.99,2831.0,40.0,6.34,1.54,4.97,1.92
1.11,5.026,10.0,2.4,2.4,0.0,5.55,1918.0,0.0,1.85,1.57,,3.8
4.714705882,5.005882353,9.529411765,3.411764706,2.235294118,0.470588235,80.15,4509.0,8.0,7.04,1.48,25.51,1.5
4.327272727,5.300627273,9.090909091,2.909090909,2.221818182,0.909090909,47.6,2233.0,10.0,12.64,1.47,6.03,2.25
3.9625,4.9775,10.0,3.0,2.0,0.0,15.85,917.0,0.0,5.19,1.37,,1.236666667
3.96,5.753333333,6.666666667,4.0,1.666666667,3.333333333,11.88,653.0,10.0,4.62,0.68,18.15,2.2
7.712142857,4.762857143,5.0,1.928571429,3.791428571,5.0,107.97,3652.0,70.0,5.71,0.86,21.01,1.0
6.325,6.6375875,6.25,2.375,3.04,3.75,50.6,1614.0,30.0,11.68,0.95,1.635,2.03
5.62,5.072857143,8.571428571,2.714285714,2.982857143,1.428571429,39.34,1909.0,10.0,4.17,0.8,31.35,1.38
2.91625,4.8,8.75,2.5,2.305,1.25,23.33,1927.0,10.0,8.11,1.55,35.22,3.1
4.924,6.53616,6.0,3.066666667,1.176,4.0,73.86,3604.0,60.0,11.4,1.86,49.98,2.84
6.428888889,4.818888889,3.333333333,2.555555556,2.862222222,6.666666667,57.86,2181.0,60.0,3.06,0.57,11.9,1.092
3.395882353,5.167647059,7.058823529,3.176470588,2.352941176,2.941176471,57.73,4400.0,50.0,6.45,1.65,,2.3
4.7525,5.4525,7.25,2.0,2.61,2.75,19.01,1105.0,11.0,7.13,2.58,27.48,1.5
2.451428571,4.907142857,10.0,2.857142857,2.285714286,0.0,17.16,1909.0,0.0,4.46,1.65,35.22,3.5
7.182857143,5.412,4.081632653,2.367346939,2.408163265,5.918367347,17.598,576.65,14.5,2.31,0.99,6.43,0.6
5.834444444,5.01,3.333333333,3.222222222,2.282222222,6.666666667,52.51,1916.0,60.0,3.81,1.1,14.23,1.37
3.94,5.2397,7.5,3.0,2.0,2.5,15.76,844.0,10.0,7.88,1.7,9.58,1.416666667
2.574,6.59,8.9,3.5,1.578,1.1,25.74,3235.0,11.0,8.9,2.58,,1.02
1.206842105,6.262631579,9.473684211,2.526315789,1.181052632,0.526315789,22.93,5737.0,10.0,8.65,2.78,49.98,3.47
4.582,5.123,10.0,3.0,2.444,0.0,45.82,2563.0,0.0,5.36,1.37,,2.64
4.32,5.266666667,2.222222222,4.0,0.444444444,7.777777778,38.88,1011.0,70.0,4.71,1.44,15.3,1.4
5.702857143,5.005714286,8.571428571,2.571428571,2.902857143,1.428571429,39.92,1818.0,10.0,4.17,0.8,7.46,0.63
3.545,7.4573,8.388888889,3.666666667,1.111111111,1.611111111,63.81,5814.0,29.0,16.6,2.79,31.38,3.88
5.32375,5.3225,9.75,3.0,2.55,0.25,42.59,2350.0,2.0,1.87,1.26,31.48,1.7
2.026666667,7.511881481,7.444444444,4.185185185,0.288148148,2.555555556,54.72,5847.0,69.0,21.4,2.83,,2.4
4.378,4.7295,6.5,2.0,3.22,3.5,8.756,467.3,7.0,5.31,1.03,6.66,2.45
4.989285714,4.830842857,7.5,4.142857143,3.452857143,2.5,69.85,4295.0,35.0,9.83,1.2,15.18,0.94
7.07475,5.5419575,5.0,2.0,3.22,5.0,14.1495,333.5,10.0,8.71,0.85,5.025,1.0
4.143333333,4.615555556,6.666666667,2.0,2.591111111,3.333333333,37.29,1624.0,30.0,7.12,1.66,,2.92
5.213333333,5.103333333,8.333333333,4.333333333,3.26,1.666666667,15.64,1235.0,5.0,9.43,1.19,22.28,1.0
0.765,5.015,10.0,3.0,0.5,0.0,1.53,207.0,0.0,1.53,1.99,1.04,8.278
0.96,6.191666667,10.0,2.666666667,1.0,0.0,5.76,1577.0,0.0,2.34,2.83,,4.065
5.58,4.152857143,8.285714286,2.285714286,3.428571429,1.714285714,39.06,3903.0,12.0,6.51,2.45,,0.18
3.304,5.255,10.0,3.0,2.488,0.0,33.04,2803.0,0.0,3.83,1.51,35.22,3.245
3.134285714,4.673457143,9.857142857,1.0,3.0,0.142857143,21.94,3836.0,1.0,5.56,0.92,40.15,3.6
6.200714286,5.599828571,9.571428571,3.428571429,2.428571429,0.428571429,86.81,4147.0,6.0,13.1,1.33,24.91,1.6
8.02,5.56595,9.25,3.0,3.11,0.75,32.08,1522.0,3.0,11.81,1.05,,2.0585
6.568,4.6915,4.5,2.0,3.22,5.5,13.136,541.0,11.0,1.58,0.59,,0.14
6.845,5.08795,7.5,2.5,2.72,2.5,27.38,922.0,10.0,7.11,0.75,2.548,1.65
8.5325,5.09265,0.0,3.0,2.61,10.0,34.13,783.0,40.0,5.66,0.49,13.348,0.12
7.506666667,4.776666667,1.666666667,2.333333333,3.48,8.333333333,45.04,1536.0,50.0,5.18,0.63,25.64,0.16
6.835,4.39,2.5,4.5,3.89,7.5,13.67,478.0,15.0,1.19,0.72,5.44,1.3
3.451363636,5.275909091,10.0,3.090909091,2.0,0.0,75.93,4694.0,0.0,2.97,1.52,6.03,2.17
3.306666667,5.182222222,9.333333333,3.666666667,2.197777778,0.666666667,29.76,2186.0,6.0,5.79,1.58,12.08,1.65
7.604,5.07012,2.0,3.0,2.532,8.0,15.208,465.4,16.0,6.08,0.32,32.141,0.51
5.902,4.721,7.0,2.0,3.22,3.0,11.804,450.0,6.0,2.34,0.85,22.11,1.8
2.168333333,7.031666667,7.666666667,4.0,1.231666667,2.333333333,26.02,3181.0,28.0,7.43,2.35,,1.9
3.188888889,5.862222222,8.888888889,4.0,0.444444444,1.111111111,28.7,1027.0,10.0,4.37,1.77,,2.12
5.254,5.24,7.0,3.0,2.444,3.0,52.54,2288.0,30.0,5.44,1.52,4.94,1.78
1.035384615,6.314615385,10.0,2.923076923,1.076923077,0.0,13.46,3865.0,0.0,2.54,2.56,49.98,8.0
2.438,4.738,9.6,2.8,2.4,0.4,12.19,1593.0,2.0,0.92,1.32,12.38,2.0
5.533333333,7.2746,9.0,3.333333333,2.666666667,1.0,16.6,1504.0,3.0,16.6,2.36,31.38,2.6
6.402857143,5.031442857,1.428571429,3.571428571,2.411428571,8.571428571,44.82,1452.0,60.0,2.07,1.02,,1.22
5.99,5.11,3.333333333,3.0,2.146666667,6.666666667,17.97,652.0,20.0,2.38,0.75,24.44,0.41
3.068666667,5.151333333,8.533333333,3.066666667,2.133333333,1.466666667,46.03,4061.0,22.0,5.83,1.65,18.15,2.2
6.926428571,4.894285714,0.0,2.642857143,2.76,10.0,96.97,3075.0,140.0,4.26,0.63,14.23,0.47
4.395555556,5.542222222,2.222222222,4.0,0.444444444,7.777777778,39.56,997.0,70.0,4.37,1.48,,1.5
9.145,7.00345,5.0,2.0,3.22,5.0,18.29,288.0,10.0,8.71,0.77,4.395,0.241666667
5.2285,4.6385,10.0,2.0,3.22,0.0,10.457,591.9,0.0,4.08,0.66,27.04,1.8
5.035,4.605,2.5,3.0,2.0,7.5,20.14,765.0,30.0,5.72,1.13,,0.47
4.708333333,5.178,10.0,4.333333333,2.0,0.0,28.25,1387.0,0.0,7.37,1.47,,1.65
3.828,6.71076,9.4,3.2,2.0,0.6,19.14,1917.0,3.0,16.6,2.56,31.38,1.99
2.785,5.16,10.0,3.0,2.0,0.0,5.57,459.0,0.0,1.43,1.51,6.03,3.89
7.02125,5.09545,6.25,2.5,2.72,3.75,56.17,1801.0,30.0,7.11,0.79,3.43,2.05
6.297142857,5.772128571,9.714285714,3.571428571,2.285714286,0.285714286,44.08,1940.0,2.0,5.05,1.25,11.91,1.7
2.686,5.724,8.2,2.8,3.922,1.8,26.86,5528.0,18.0,8.96,1.65,104.64,2.7
0.954166667,7.309166667,10.0,3.0,0.416666667,0.0,11.45,2681.0,0.0,4.79,2.83,6.47,4.77
6.38125,4.865,6.25,2.25,3.415,3.75,51.05,2073.0,30.0,4.17,0.86,30.75,1.2
4.5,7.308966667,6.666666667,3.333333333,1.48,3.333333333,13.5,303.0,10.0,13.5,1.28,0.935,4.45
4.4,5.995625,6.1875,2.40625,2.52625,3.8125,140.8,9254.0,122.0,10.5,2.78,,2.0
2.62875,4.6925,8.75,2.75,2.0,1.25,21.03,1816.0,10.0,6.34,1.54,6.03,3.27
6.23,4.885714286,4.285714286,2.285714286,2.822857143,5.714285714,43.61,1653.0,40.0,2.52,0.79,3.43,0.645
4.172,5.76836,6.0,3.2,1.776,4.0,20.86,883.0,20.0,11.9,1.31,,2.98
8.47235,5.077416,0.0,3.0,2.3526,10.0,16.9447,411.02,20.0,5.16,0.38,12.691,0.15
3.755555556,4.471111111,7.555555556,2.222222222,2.764444444,2.444444444,33.8,2434.0,22.0,7.43,1.66,13.73,2.19
3.816666667,5.43,6.666666667,3.333333333,2.666666667,3.333333333,11.45,860.0,10.0,5.24,0.79,5.31,2.43
6.285,4.9375,5.0,2.5,3.11,5.0,25.14,1074.0,20.0,2.52,0.79,24.44,0.26
0.8325,6.136590909,10.0,2.5,1.0,0.0,36.63,13177.0,0.0,2.34,2.79,,6.53
3.881,4.5669,9.95,2.0,3.22,0.05,7.762,598.57,0.1,5.31,0.85,6.66,2.24
5.655454545,4.986363636,5.909090909,2.454545455,2.725454545,4.090909091,124.42,4542.0,90.0,5.44,1.52,5.23,1.61
1.985652174,7.337352174,7.391304348,3.782608696,0.323478261,2.608695652,45.67,4816.0,60.0,19.3,2.78,12.33,2.65
4.24,7.2267625,7.0,3.5,1.7225,3.0,33.92,2698.0,24.0,19.3,2.31,,2.597
3.3825,3.7075,7.5,1.0,2.61,2.5,13.53,830.0,10.0,6.59,0.87,33.94,1.1
5.11125,4.94375,6.25,2.375,3.415,3.75,40.89,2432.0,30.0,6.89,0.98,25.98,1.36
3.554368932,5.382886143,10.0,4.265666372,2.417475728,0.0,40.271,3133.58,0.0,5.45,1.44,48.83,2.26
3.706666667,6.969260606,6.363636364,3.575757576,1.212121212,3.636363636,122.32,7841.0,120.0,9.75,1.81,36.72,3.25
4.308461538,4.996153846,8.461538462,2.461538462,2.972307692,1.538461538,28.005,1886.5,10.0,6.89,0.98,11.33,2.42
3.68,6.46576,6.0,3.2,1.488,4.0,18.4,938.0,20.0,9.75,2.17,11.08,3.08
1.094,6.852,8.0,3.6,0.2,2.0,5.47,1015.0,10.0,4.93,2.68,7.6,4.185
7.105,4.94775,5.0,4.5,2.9,5.0,14.21,469.0,10.0,0.83,0.83,,0.59
6.774,5.38752,6.0,3.6,2.4,4.0,33.87,1095.0,20.0,4.96,0.48,4.61,0.375
4.195853659,3.87902439,8.170731707,3.097560976,4.651219512,1.829268293,172.03,15967.0,75.0,5.1,0.51,,0.701
5.9676,4.75585,5.0,2.0,3.22,5.0,11.9352,357.81,10.0,3.86,0.86,1.13,3.65
5.109,5.29688,8.0,3.3,2.644,2.0,51.09,2537.0,20.0,7.93,0.8,12.39,1.2
5.956,4.676,9.0,2.0,3.22,1.0,11.912,579.4,2.0,1.58,0.59,24.44,1.07
6.3075,5.045,5.0,2.75,3.11,5.0,25.23,1054.0,20.0,4.17,0.8,13.18,1.05
2.698333333,7.330066667,8.333333333,3.666666667,0.74,1.666666667,16.19,1419.0,10.0,11.4,1.86,6.47,4.3
11.28666667,5.924833333,7.666666667,4.333333333,3.926666667,2.333333333,33.86,1269.0,7.0,16.67,0.68,1.6,1.0
2.6944,5.49304,10.0,4.0,2.24,0.0,67.36,7042.0,0.0,6.41,1.51,,3.37
5.192,5.832,0.0,4.8,0.4,10.0,25.96,625.0,50.0,1.31,0.19,9.67,1.1
4.276,6.72122,6.666666667,3.6,1.554666667,3.333333333,64.14,2123.0,50.0,13.5,1.28,,3.26
5.983333333,5.015422222,3.333333333,3.111111111,2.271111111,6.666666667,53.85,1838.0,60.0,6.25,1.1,11.9,1.43
5.183571429,4.824414286,7.5,4.142857143,3.452857143,2.5,72.57,4243.0,35.0,9.83,1.2,15.18,0.89
4.31,4.905,9.727272727,3.181818182,2.090909091,0.272727273,189.64,11184.0,12.0,5.65,1.47,14.57,1.86
4.936666667,5.023333333,3.333333333,3.333333333,2.666666667,6.666666667,14.81,846.0,20.0,3.91,0.21,33.06,2.015
4.815,5.742816667,6.666666667,2.333333333,2.48,3.333333333,28.89,1220.0,20.0,11.63,1.7,1.54,2.3
2.907777778,5.255555556,10.0,3.111111111,2.222222222,0.0,26.17,2312.0,0.0,3.25,1.51,,3.0
2.8,6.91,10.0,4.0,1.24,0.0,14.0,1403.0,0.0,7.0,2.59,6.92,4.4
5.258888889,5.292988889,8.888888889,3.0,2.271111111,1.111111111,47.33,2055.0,10.0,5.57,1.33,16.64,2.29
5.525,4.905,10.0,2.5,3.5,0.0,11.05,679.0,0.0,0.41,0.3,9.24,1.37
7.114285714,4.804485714,5.714285714,1.714285714,3.617142857,4.285714286,49.8,1986.0,30.0,4.17,1.22,6.36,0.2
5.102222222,5.286322222,10.0,3.0,2.271111111,0.0,45.92,2098.0,0.0,5.57,1.33,14.31,1.95
2.28305,4.24355,9.95,2.0,3.0022,0.05,4.5661,640.17,0.1,5.49,0.7,10.13,2.4
4.064545455,4.813636364,6.363636364,2.545454545,2.625454545,3.636363636,44.71,2767.0,40.0,7.43,1.66,18.15,1.6
5.996666667,4.433333333,2.222222222,2.0,2.591111111,7.777777778,53.97,1296.0,70.0,7.12,1.25,,2.3
8.71,5.078792,0.2,2.98,2.24,9.8,17.42,396.6,19.6,5.5,0.52,12.691,0.37
4.513188908,5.019778856,6.533795494,2.852686308,2.405337955,3.466204506,52.0822,2488.14,40.0,8.22,1.66,9.58,1.33
4.214545455,4.95,10.0,2.818181818,2.312727273,0.0,46.36,2724.0,0.0,5.36,1.37,33.94,2.64
2.424285714,7.394285714,9.285714286,4.142857143,1.268571429,0.714285714,16.97,2089.0,5.0,10.2,3.17,31.78,3.64
6.053333333,5.129866667,5.0,2.833333333,2.813333333,5.0,36.32,1578.0,30.0,9.33,0.98,11.33,0.12
7.026666667,5.043333333,8.333333333,4.333333333,3.26,1.666666667,21.08,1131.0,5.0,6.71,1.01,17.31,0.88
3.273333333,5.028,9.066666667,2.933333333,2.429333333,0.933333333,49.1,4751.0,14.0,4.62,1.38,18.15,2.06
6.3145,4.5855,4.75,2.0,3.22,5.25,12.629,537.0,10.5,1.23,0.62,14.28,0.85
2.36,6.69,10.0,2.8,1.376,0.0,11.8,1319.0,0.0,5.9,2.06,,4.47
5.586666667,5.068333333,6.666666667,2.833333333,2.74,3.333333333,33.52,1461.0,20.0,5.46,1.33,,1.6
4.326666667,5.266666667,9.777777778,3.333333333,2.222222222,0.222222222,38.94,2365.0,2.0,4.69,1.52,16.24,2.0
1.527142857,7.227142857,10.0,3.142857143,0.777142857,0.0,10.69,1727.0,0.0,5.9,2.06,,5.51
6.47,4.74,3.333333333,2.0,2.96,6.666666667,19.41,713.0,20.0,2.52,0.79,3.43,0.722666667
5.6475,3.5425,6.5,4.0,4.89,3.5,22.59,1758.0,14.0,5.53,0.64,36.75,0.4
7.544583333,5.307416667,5.416666667,3.25,2.295,4.583333333,181.07,5151.0,110.0,6.61,0.55,6.501,0.29
3.864827586,5.340024138,9.310344828,4.172413793,2.513103448,0.689655172,28.02,1946.5,5.0,8.43,1.43,35.22,2.14
4.05,5.231,6.9,2.8,2.532,3.1,40.5,2826.0,31.0,5.24,1.45,,1.03
4.75,4.8825,7.5,2.25,3.22,2.5,19.0,1182.0,10.0,6.89,0.98,,2.442857143
3.251333333,6.27,6.0,2.266666667,1.990666667,4.0,48.77,3149.5,60.0,7.31,2.16,7.1,2.99
7.354,5.25952,2.0,3.6,2.4,8.0,36.77,1035.0,40.0,4.96,0.48,10.8,0.3
7.095428571,7.061242857,5.714285714,2.4,2.588571429,4.285714286,124.17,2391.5,75.0,13.5,1.28,25.405,1.727
4.05375,5.49375,10.0,3.5,2.0,0.0,32.43,1756.0,0.0,2.97,1.52,6.03,1.9
7.655,5.55345,5.0,3.0,2.5,5.0,15.31,514.0,10.0,2.83,0.97,,0.9
6.88,5.16775,5.0,5.0,2.4,5.0,13.76,404.0,10.0,1.28,1.03,,0.378
4.101428571,5.391485714,7.142857143,3.142857143,2.348571429,2.857142857,28.71,2147.0,20.0,9.33,0.73,48.48,1.803
4.522455556,5.072686,8.158888889,3.573333333,3.098533333,1.841111111,40.7021,2672.37,16.57,5.83,1.39,10.33,1.75
3.94,5.8396,6.666666667,4.0,1.666666667,3.333333333,11.82,607.0,10.0,9.75,0.99,9.58,1.91
3.724166667,5.268333333,10.0,3.333333333,2.0,0.0,44.69,2615.0,0.0,3.93,1.52,6.03,2.36
8.72,4.84795,0.0,2.25,3.22,10.0,34.88,860.0,40.0,5.66,0.63,13.348,0.1
5.81645,4.67085,9.95,2.0,3.22,0.05,11.6329,585.7,0.1,2.34,0.85,22.11,1.39
6.712,4.666,3.0,2.0,3.22,7.0,13.424,529.0,14.0,1.58,0.59,,0.1
8.51325,5.07892,0.0,3.0,2.337,10.0,17.0265,408.9,20.0,5.16,0.38,12.691,0.15125
5.61,4.6125,7.5,2.0,3.61,2.5,22.44,1168.0,10.0,6.32,0.66,44.36,1.524
4.774375,5.075625,9.5,3.5,2.25,0.5,76.39,4301.0,8.0,7.04,1.48,24.21,1.53
4.180666667,5.4308,8.666666667,4.266666667,2.376,1.333333333,62.71,3844.0,20.0,5.45,1.44,18.15,2.13
1.52,6.502871429,10.0,3.571428571,1.142857143,0.0,10.64,1826.0,0.0,5.24,2.56,10.57,2.74
9.12075,6.9818155,5.0,2.0,3.22,5.0,18.2415,288.51,10.0,8.71,0.86,4.395,1.72
0.72,6.19,10.0,2.666666667,1.0,0.0,4.32,1711.0,0.0,2.25,2.79,104.78,6.28
2.791818182,6.899090909,6.818181818,3.545454545,1.474545455,3.181818182,30.71,3056.0,35.0,10.2,2.36,31.78,3.3
2.045,4.475,10.0,3.0,0.5,0.0,4.09,221.0,0.0,2.15,1.61,2.69,7.261666667
5.2303,4.6265,10.0,2.0,4.0,0.0,5.2303,379.25,0.0,2.99,0.06,13.61,0.67
4.525384615,5.005384615,6.923076923,2.461538462,2.972307692,3.076923077,29.415,1843.5,20.0,6.89,0.98,11.33,1.84
6.75625,5.3171125,5.0,2.0,3.22,5.0,13.5125,340.5,10.0,8.71,0.85,5.025,1.4
5.95,5.7709,5.0,2.0,3.22,5.0,11.9,655.0,10.0,11.9,1.53,3.782,1.4
3.005,5.21,10.0,3.0,2.488,0.0,30.05,2878.0,0.0,3.83,1.51,,3.75
7.462,5.19636,0.0,3.2,2.488,10.0,37.31,1035.0,50.0,5.66,0.49,15.728,0.38
2.629,4.235,10.0,2.0,4.0,0.0,2.629,444.5,0.0,2.99,0.06,,1.04
6.173478261,5.177843478,6.52173913,3.391304348,2.260869565,3.47826087,141.99,4787.0,80.0,8.89,1.47,8.97,0.53
6.381463415,4.888536585,5.12195122,2.317073171,3.141463415,4.87804878,26.164,1048.2,20.0,4.17,0.8,9.79,1.06
6.8025,5.33795,7.5,3.0,2.61,2.5,27.21,938.0,10.0,7.11,0.72,23.558,1.375
6.294523215,4.585866201,4.997503744,2.001997004,3.218392411,5.002496256,12.60793,548.615,10.02,0.79,0.52,14.28,0.72
2.241684211,6.822947368,8.736842105,2.884210526,1.529263158,1.263157895,212.96,26779.0,120.0,8.65,2.17,,4.29
7.557,5.21472,0.6,3.6,2.4,9.4,37.785,1014.0,47.0,4.96,0.48,10.8,0.206
0.998571429,5.727142857,10.0,2.571428571,3.428571429,0.0,6.99,3248.0,0.0,2.33,1.25,50.19,5.1
5.366666667,4.976666667,6.666666667,2.333333333,2.48,3.333333333,32.2,1115.0,20.0,6.78,1.52,4.6,2.4
3.95,5.9971,9.5,2.0,3.0,0.5,7.9,871.0,1.0,7.9,2.02,9.69,1.54
5.1525,5.68,7.5,4.0,2.0,2.5,20.61,878.0,10.0,1.45,0.23,10.8,1.635
8.593333333,4.556666667,1.0,4.333333333,3.926666667,9.0,25.78,1167.0,27.0,5.71,0.53,4.13,0.3
5.71,5.197142857,6.428571429,3.857142857,2.825714286,3.571428571,39.97,1713.0,25.0,2.64,0.95,13.18,0.31
8.346666667,5.880266667,7.0,5.0,3.926666667,3.0,25.04,1195.0,9.0,19.58,0.73,18.94,0.7
6.351428571,5.660985714,8.571428571,2.571428571,2.76,1.428571429,44.46,1541.0,10.0,8.71,0.77,,1.95
3.84,4.5297,7.5,1.5,1.5,2.5,15.36,444.0,10.0,7.88,1.04,9.21,0.625
3.655,5.42505,10.0,5.5,2.0,0.0,7.31,457.0,0.0,3.17,1.43,,1.661666667
4.99409,4.59095,10.0,2.0,4.0,0.0,4.99409,385.175,0.0,2.99,0.06,13.61,1.126
3.583636364,5.126363636,9.545454545,2.772727273,2.483636364,0.454545455,78.84,5782.0,10.0,8.43,1.51,9.58,2.52
3.025714286,5.215714286,10.0,3.0,2.205714286,0.0,42.36,3524.0,0.0,3.83,1.51,6.03,2.55
8.38,6.234666667,8.333333333,4.333333333,3.26,1.666666667,25.14,1328.0,5.0,18.93,1.14,31.48,1.143333333
3.603333333,4.3,9.666666667,1.666666667,3.666666667,0.333333333,10.81,1327.0,1.0,3.82,0.83,,0.19
7.3075,4.659,0.25,2.0,3.209,9.75,14.615,322.95,19.5,5.95,0.63,,1.37
3.545714286,5.171428571,10.0,3.714285714,2.314285714,0.0,24.82,1936.0,0.0,4.93,1.46,,2.45
6.861,5.36832,5.4,3.6,2.4,4.6,34.305,1086.0,23.0,4.96,0.48,10.8,0.24
4.972222222,5.224911111,9.888888889,2.888888889,2.271111111,0.111111111,44.75,2179.0,1.0,4.4,1.33,4.46,1.87
4.616153846,4.964492308,8.307692308,3.846153846,3.316923077,1.692307692,60.01,3873.0,22.0,5.83,1.39,10.33,1.44
3.893092784,6.935096907,5.979381443,3.567010309,1.221030928,4.020618557,377.63,22439.0,390.0,9.75,2.16,11.08,2.88
6.6125,4.698,4.5,2.0,3.22,5.5,13.225,521.4,11.0,2.92,0.66,24.44,0.69
1.05,5.988333333,8.916666667,2.958333333,0.7825,1.083333333,12.6,2624.5,13.0,7.86,2.68,17.27,3.25
4.09,5.6287,7.142857143,3.714285714,2.285714286,2.857142857,28.63,1792.0,20.0,4.9,1.36,18.15,1.12
2.3725,3.2175,7.5,1.5,1.5,2.5,9.49,570.0,10.0,5.83,1.04,17.54,1.05
2.975,6.32545,7.5,2.5,3.11,2.5,11.9,1601.0,10.0,11.9,1.53,3.782,3.58
1.278,6.431,8.9,3.2,1.0,1.1,12.78,2490.0,11.0,6.69,2.51,19.65,3.68
6.5248,4.69915,4.95,2.0,3.22,5.05,13.0496,544.6,10.1,1.58,0.59,24.44,0.17
4.922105263,5.897726316,9.631578947,2.736842105,2.315789474,0.368421053,93.52,6137.0,7.0,7.97,1.7,16.88,1.86
3.005945946,5.488378378,9.297297297,3.351351351,2.27027027,0.702702703,55.61,5551.0,13.0,5.57,1.45,7.23,1.71
3.30125,4.58,8.375,2.625,2.555,1.625,26.41,2140.0,13.0,7.43,1.66,,1.85
3.476666667,4.62,6.666666667,1.666666667,1.666666667,3.333333333,10.43,420.0,10.0,4.82,1.09,,0.62
5.2,5.729557143,5.714285714,2.571428571,2.76,4.285714286,36.4,1663.0,30.0,11.43,0.97,1.54,2.0
1.725882353,6.361176471,9.647058824,3.294117647,1.188235294,0.352941176,29.34,4736.0,6.0,7.0,2.78,,3.25
4.3590625,4.926875,7.1875,2.46875,2.99875,2.8125,139.49,8538.0,90.0,8.97,1.66,10.64,2.6
3.978,5.37075,10.0,3.5,2.0,0.0,31.824,1762.6,0.0,3.93,1.52,,2.1
2.913571429,5.096921429,9.285714286,2.571428571,2.174285714,0.714285714,40.79,3412.0,10.0,12.96,1.55,,2.75
4.966666667,5.386666667,10.0,3.333333333,2.666666667,0.0,14.9,831.0,0.0,0.53,0.5,30.25,2.38125
3.617142857,5.248585714,10.0,3.571428571,2.411428571,0.0,25.32,1866.0,0.0,3.83,1.43,,2.25
6.75,8.30845,5.0,2.0,2.22,5.0,13.5,310.0,10.0,13.5,2.08,2.075,2.347
5.948571429,4.988571429,6.285714286,3.428571429,2.951428571,3.714285714,41.64,1812.0,26.0,3.07,0.91,10.54,1.15
3.591428571,6.575828571,7.142857143,3.142857143,1.125714286,2.857142857,25.14,1833.0,20.0,11.4,1.86,49.98,3.99
0.936,6.862,10.0,2.8,1.2,0.0,4.68,1893.0,0.0,2.34,1.6,49.98,4.895
4.83125,4.88875,6.25,2.25,3.415,3.75,38.65,2300.0,30.0,6.89,1.03,35.22,2.1
4.652,6.65476,9.2,2.8,2.84,0.8,23.26,2396.0,4.0,16.6,2.57,31.38,1.9
5.497741935,5.037741935,9.247311828,2.634408602,2.769892473,0.752688172,25.5645,1191.75,3.5,4.17,0.8,,1.81
4.600714286,4.8437,7.5,4.142857143,3.452857143,2.5,64.41,4399.0,35.0,9.83,1.2,15.18,1.01
4.39,4.4,5.0,3.0,2.0,5.0,8.78,361.0,10.0,3.7,1.02,9.19,3.75
2.476666667,6.693333333,8.333333333,4.333333333,1.926666667,1.666666667,7.43,779.0,5.0,7.43,2.26,11.83,1.3
5.82205,4.6703,9.95,2.0,3.22,0.05,11.6441,587.57,0.1,1.58,0.59,24.44,1.4
1.465,4.7525,10.0,2.75,1.75,0.0,11.72,1914.0,0.0,1.53,1.55,2.34,3.68
7.9723,5.245688,5.0,3.0,2.2668,5.0,15.9446,429.36,10.0,6.61,0.61,2.231,0.2
3.871428571,6.092414286,5.714285714,3.142857143,0.92,4.285714286,27.1,675.0,30.0,13.5,2.03,5.73,2.15
5.361666667,4.786666667,6.666666667,2.5,2.74,3.333333333,64.34,2814.0,40.0,7.43,1.48,10.86,1.04
6.945,4.795,0.0,2.5,2.72,10.0,13.89,445.0,20.0,4.03,0.76,5.23,3.0264
6.454214464,4.856184539,5.012468828,2.256857855,3.211970075,4.987531172,25.8814,1036.32,20.0,4.17,0.8,9.79,1.08
5.983,4.64025,8.25,2.0,3.22,1.75,11.966,574.0,3.5,0.96,0.55,22.11,0.68
6.4934,4.69865,5.05,2.0,3.22,4.95,12.9868,545.56,9.9,5.49,0.7,27.04,0.3
8.6564,5.084184,0.0,3.0,2.2824,10.0,17.3128,401.48,20.0,5.16,0.38,12.691,0.145
3.32,4.775,10.0,3.0,2.0,0.0,6.64,551.0,0.0,2.94,0.76,1.26,4.0
3.052,4.872,9.6,3.2,2.4,0.4,15.26,1610.0,2.0,4.44,1.43,15.18,0.9
6.290295567,4.593546798,4.975369458,2.019704433,3.204137931,5.024630542,12.7693,554.15,10.2,0.79,0.52,14.28,0.68
5.31701,4.63955,10.0,2.0,4.0,0.0,5.31701,377.075,0.0,2.99,0.06,13.61,0.65
5.145,4.87545,7.0,2.75,2.86,3.0,20.58,1210.0,12.0,9.83,1.26,13.73,1.0
2.845909091,5.256763636,9.545454545,3.0,2.181818182,0.454545455,31.305,3177.0,5.0,7.68,1.51,48.48,2.43
2.938571429,5.32,8.571428571,3.142857143,2.634285714,1.428571429,20.57,1858.0,10.0,6.83,1.04,5.53,3.76
2.023333333,6.657619048,8.571428571,3.142857143,1.11047619,1.428571429,42.49,4507.0,30.0,7.13,2.67,,4.9
1.4975,6.616275,9.375,2.75,1.1525,0.625,23.96,5392.0,10.0,11.4,2.78,49.98,3.1
5.981666667,5.74615,8.166666667,2.333333333,2.406666667,1.833333333,35.89,1244.0,11.0,11.63,1.52,,2.485
8.152,4.252,7.2,4.0,4.712,2.8,40.76,2417.0,14.0,7.08,0.46,12.94,0.43
7.435,5.24942,5.75,3.0,2.337,4.25,14.87,457.95,8.5,9.33,0.73,,0.34
5.477142857,5.720271429,10.0,4.428571429,2.0,0.0,38.34,1390.0,0.0,2.18,1.25,2.52,1.3
2.396666667,6.67,8.333333333,4.333333333,1.926666667,1.666666667,7.19,895.0,5.0,7.19,2.33,,0.23
6.9625,5.056345,5.0,2.0,3.22,5.0,13.925,333.9,10.0,8.71,0.86,4.395,0.35
6.597,5.20469,5.0,2.0,3.22,5.0,13.194,344.0,10.0,8.71,0.85,,1.4
6.034,5.50168,9.6,2.8,2.4,0.4,30.17,1477.0,2.0,3.11,1.21,3.36,2.2
2.54,3.3175,7.5,1.5,1.5,2.5,10.16,566.0,10.0,5.72,1.05,17.68,1.0
4.171111111,5.177777778,2.222222222,4.0,0.444444444,7.777777778,37.54,1019.0,70.0,5.38,1.43,15.16,1.38
6.289710867,4.587686939,5.024925224,2.003988036,3.216789631,4.975074776,12.61716,549.41,9.98,1.9,0.75,14.28,0.698
8.75865,5.087944,0.0,3.0,2.2434,10.0,17.5173,396.18,20.0,5.16,0.38,12.691,0.255
3.972857143,4.997142857,5.714285714,3.142857143,0.92,4.285714286,27.81,722.0,30.0,7.12,1.73,,3.35
4.984,5.37608,6.0,3.2,2.488,4.0,24.92,1335.0,20.0,9.33,0.79,5.31,0.975
6.205714286,4.895714286,5.714285714,2.142857143,3.617142857,4.285714286,43.44,1991.0,30.0,8.43,1.04,25.98,2.07225
6.5385,4.6996,4.9,2.0,3.22,5.1,13.077,540.28,10.2,2.92,0.66,24.44,0.73
6.104,4.932,4.0,2.8,2.576,6.0,30.52,1163.0,30.0,0.34,0.52,11.9,1.4
6.38776,5.6947442,9.782,3.71,2.3636,0.218,63.8776,2669.6,2.18,5.05,1.26,,1.51
4.31,4.765,7.5,3.0,2.0,2.5,17.24,825.0,10.0,5.72,1.36,17.27,1.386666667
3.99,4.205,5.0,3.0,2.0,5.0,7.98,345.0,10.0,4.5,0.76,8.54,3.6
4.419,5.39724,6.9,2.8,2.532,3.1,44.19,2830.0,31.0,7.77,1.37,16.88,1.27
3.593333333,4.863333333,8.333333333,2.666666667,2.406666667,1.666666667,21.56,1360.0,10.0,7.68,1.54,25.98,2.93
5.248965517,4.745172414,5.517241379,2.206896552,3.067586207,4.482758621,152.22,7296.0,130.0,8.97,1.66,18.15,2.0
4.42256,5.5939616,9.866,3.598,2.4266,0.134,22.1128,1559.33,0.67,7.77,1.46,16.88,1.5
4.449259259,5.198888889,5.925925926,2.888888889,3.028148148,4.074074074,120.13,7930.0,110.0,6.89,0.98,11.33,0.8
6.6,5.646,4.0,1.6,3.332,6.0,33.0,1444.0,30.0,12.0,2.17,17.38,0.18
1.891666667,6.946683333,9.5,4.333333333,1.166666667,0.5,11.35,1688.0,3.0,6.11,2.56,,3.35
4.586,5.38608,8.0,3.2,2.488,2.0,22.93,1410.0,10.0,9.33,0.73,,2.4
7.722941176,6.620082353,5.882352941,2.470588235,2.534117647,4.117647059,131.29,2358.0,70.0,10.38,1.11,25.405,1.915
6.066666667,5.754483333,8.166666667,2.333333333,2.44,1.833333333,36.4,1240.0,11.0,11.63,1.52,4.6,1.94
4.84375,5.0387625,6.25,3.125,3.11,3.75,38.75,2272.0,30.0,6.89,1.43,11.33,1.85
4.097777778,4.513333333,7.555555556,2.222222222,2.764444444,2.444444444,36.88,2326.0,22.0,8.97,1.66,,2.33
3.608695652,5.304347826,9.739130435,2.869565217,2.473043478,0.260869565,41.5,3696.5,3.0,4.08,1.45,35.22,2.54
6.0,5.581242857,10.0,3.571428571,2.285714286,0.0,42.0,1688.0,0.0,4.01,1.25,5.51,1.8
6.373,4.587,4.0,2.0,3.22,6.0,12.746,504.0,12.0,1.23,0.62,14.28,1.15
8.0646,5.249698,5.05,3.0,2.2278,4.95,16.1292,424.81,9.9,6.61,0.55,32.141,0.27
5.269393939,5.112424242,9.898989899,2.777777778,2.602020202,0.101010101,26.0835,1244.25,0.5,4.17,0.8,,1.96
3.752857143,7.586428571,9.428571429,4.142857143,1.111428571,0.571428571,26.27,2118.0,4.0,19.3,2.49,35.18,4.23
2.46875,7.157083333,9.041666667,3.833333333,1.338333333,0.958333333,59.25,7964.0,23.0,10.2,3.19,,3.7
4.134782609,5.040965217,7.173913043,3.130434783,2.086956522,2.826086957,190.2,10161.0,130.0,8.22,1.66,9.58,1.3
5.25,5.345,5.0,2.5,2.72,5.0,10.5,405.0,10.0,10.5,1.37,8.07,5.13
1.182307692,7.389230769,9.692307692,3.692307692,0.769230769,0.307692308,15.37,3654.0,4.0,6.11,2.51,20.68,2.7
0.994,7.97,9.6,4.0,0.9,0.4,9.94,1583.0,4.0,4.54,3.39,15.19,6.4
5.2175,5.423775,8.75,4.5,2.25,1.25,41.74,1793.0,10.0,2.52,1.25,2.52,1.07
1.158,6.766,8.0,3.6,0.2,2.0,5.79,944.0,10.0,4.93,2.78,7.6,3.8575
8.79955,5.089448,0.0,3.0,2.2278,10.0,17.5991,394.06,20.0,5.16,0.38,12.691,0.23
3.9,6.95352,6.0,3.6,1.2,4.0,19.5,1161.0,20.0,9.75,1.79,11.08,2.855
3.870111397,5.337825193,9.840616967,3.580976864,2.463136247,0.159383033,45.1642,3660.86,1.86,6.16,1.45,,2.67
5.911111111,5.288988889,8.666666667,2.888888889,2.648888889,1.333333333,53.2,2463.0,12.0,4.17,1.26,7.59,1.05
4.824,4.672,4.0,2.8,2.4,6.0,24.12,1243.0,30.0,3.54,0.53,6.7,2.35
3.265,4.365,10.0,3.0,2.0,0.0,6.53,375.0,0.0,3.05,0.99,2.26,5.743333333
3.44125,4.5175,8.25,2.75,2.555,1.75,27.53,2360.0,14.0,8.1,1.65,24.68,2.82
6.69,5.367725,2.5,3.5,2.5,7.5,26.76,848.0,30.0,1.07,0.95,10.46,0.75
2.243333333,3.613333333,10.0,2.0,1.333333333,0.0,6.73,445.0,0.0,3.82,1.36,4.09,2.0
2.702142857,7.1326,7.142857143,3.571428571,1.0,2.857142857,37.83,3632.0,40.0,9.75,1.79,49.98,2.6
1.668333333,6.113333333,8.333333333,2.333333333,1.406666667,1.666666667,10.01,1612.0,10.0,7.13,2.68,49.98,3.1
3.097083333,5.0225,8.625,2.875,2.233333333,1.375,74.33,6429.0,33.0,6.45,1.65,5.31,2.46
7.61,4.96045,5.0,2.25,3.22,5.0,30.44,974.0,20.0,7.11,0.8,8.908,1.07
3.781176471,5.355152941,9.647058824,3.294117647,2.235294118,0.352941176,64.28,5205.0,6.0,15.74,1.65,29.88,2.21
2.455,5.24555,10.0,3.7,2.18,0.0,24.55,2620.0,0.0,6.55,1.54,,2.54
6.268333333,4.873333333,6.666666667,2.333333333,3.48,3.333333333,37.61,1734.0,20.0,4.17,0.8,30.25,0.975
4.039090909,5.278218182,6.363636364,3.272727273,2.221818182,3.636363636,44.43,2817.0,40.0,10.86,1.55,18.15,1.6
3.32625,4.50375,8.375,2.625,2.555,1.625,26.61,2094.0,13.0,9.64,1.65,,1.85
8.516,5.08518,0.5,3.0,2.298,9.5,17.032,411.1,19.0,6.08,0.32,32.141,0.35
7.47,5.23392,1.2,3.6,2.4,8.8,37.35,1023.0,44.0,4.96,0.48,10.8,0.26
6.024615385,5.003846154,8.769230769,3.846153846,3.196923077,1.230769231,78.32,4162.0,16.0,8.9,1.33,30.25,1.089
7.959,5.2547,5.0,3.0,2.22,5.0,15.918,428.2,10.0,9.33,0.73,,0.272
5.611363636,5.003636364,8.181818182,2.454545455,2.725454545,1.818181818,123.45,4681.0,40.0,6.78,1.52,4.6,2.21
2.972857143,5.352857143,8.571428571,3.142857143,2.285714286,1.428571429,20.81,2131.0,10.0,4.62,1.51,,2.34
4.52,5.92545,10.0,4.0,2.0,0.0,9.04,431.0,0.0,4.9,1.36,5.94,1.135
6.17,5.26,0.0,3.333333333,1.48,10.0,18.51,326.0,30.0,3.72,0.82,,3.8
5.66,5.568,4.0,4.0,2.0,6.0,5.66,209.0,6.0,1.45,0.23,10.8,0.7
3.028,4.652,8.8,3.6,3.556,1.2,15.14,1678.0,6.0,6.04,0.82,13.14,0.32
1.752,6.565,8.5,3.5,0.978,1.5,17.52,2671.0,15.0,10.2,2.68,31.78,3.5
4.69,5.045,7.5,2.5,2.11,2.5,18.76,776.0,10.0,5.44,1.52,4.6,2.81
3.683030303,6.923806061,6.303030303,3.575757576,1.212121212,3.696969697,121.54,7934.0,122.0,9.75,2.39,,3.09
5.38,5.163333333,6.666666667,2.666666667,3.26,3.333333333,16.14,936.0,10.0,9.93,0.88,15.88,0.75
5.3736,4.88455,5.0,2.0,3.22,5.0,10.7472,390.48,10.0,6.58,1.04,4.97,2.4
1.456666667,6.082222222,9.444444444,3.222222222,0.975555556,0.555555556,13.11,2060.0,5.0,10.2,3.28,31.78,4.77
3.43,5.9391,7.165,2.4175,2.1125,2.835,13.72,1150.03,11.34,10.5,2.68,15.23,2.7
2.57,3.7525,7.5,1.5,1.5,2.5,10.28,521.0,10.0,5.83,1.09,17.78,1.1
8.83,5.088628,0.0,2.98,2.24,10.0,17.66,392.44,20.0,5.66,0.49,,0.57
7.96,4.81,4.333333333,4.666666667,3.593333333,5.666666667,23.88,1132.0,17.0,7.61,0.96,17.31,0.9
1.848,6.769,7.9,3.4,0.8,2.1,18.48,2397.0,21.0,6.24,2.79,17.27,3.6
6.754285714,5.678128571,5.714285714,2.571428571,2.76,4.285714286,47.28,1455.0,30.0,8.71,0.79,4.395,0.6
3.159142857,5.191714286,8.857142857,2.971428571,2.164571429,1.142857143,110.57,8433.0,40.0,5.24,1.51,6.03,2.56
1.5375,8.6975,9.75,4.0,0.75,0.25,6.15,660.0,1.0,6.15,3.19,5.94,6.6
5.296666667,4.866666667,6.666666667,2.333333333,3.593333333,3.333333333,15.89,972.0,10.0,10.18,0.88,,1.39
3.5655,5.6525,8.25,2.8,2.166,1.75,71.31,6102.0,35.0,7.31,2.58,5.98,2.6
7.943,5.24769,5.25,3.0,2.259,4.75,15.886,432.05,9.5,6.61,0.55,32.141,0.28
4.104285714,5.094285714,8.571428571,2.571428571,2.76,1.428571429,28.73,1800.0,10.0,6.58,1.04,4.47,3.42
5.585,5.685,0.0,4.5,1.0,10.0,11.17,304.0,20.0,1.31,0.19,,1.1
6.516666667,4.64,6.666666667,2.0,3.926666667,3.333333333,19.55,995.0,10.0,10.18,0.61,27.04,0.45
1.354,6.735,9.9,3.4,0.8,0.1,13.54,2435.0,1.0,4.79,2.67,13.88,5.5
2.095,7.196666667,8.333333333,3.333333333,1.24,1.666666667,12.57,1559.0,10.0,10.5,2.17,11.08,0.18
4.963333333,5.58,6.666666667,3.333333333,1.48,3.333333333,14.89,336.0,10.0,5.53,1.11,0.9,4.47
2.790740741,4.222592593,10.0,1.703703704,3.472592593,0.0,150.7,20096.0,0.0,4.03,1.08,48.46,1.14
2.3375,4.4975,10.0,1.25,3.25,0.0,9.35,2171.0,0.0,0.01,0.15,,2.0
4.94,4.6175,6.5,2.0,3.22,3.5,9.88,567.0,7.0,5.49,0.7,27.04,1.58
4.0485,4.8415,10.0,3.0,2.0,0.0,16.194,875.4,0.0,5.19,1.37,25.1,1.645
1.75,8.7475,10.0,4.75,0.775,0.0,7.0,565.0,0.0,7.0,3.2,6.88,6.15
6.243495146,4.611165049,5.242718447,2.038834951,3.188737864,4.757281553,12.8616,562.1,9.8,1.9,0.75,14.28,0.63
3.695714286,5.153877551,9.795918367,2.755102041,2.628571429,0.204081633,18.109,1386.3,1.0,6.89,0.98,11.33,2.625
4.0715,4.574,8.5,2.0,3.22,1.5,8.143,588.1,3.0,5.49,0.7,4.93,2.2
8.97275,6.0429735,0.0,2.0,3.22,10.0,17.9455,276.87,20.0,7.26,0.63,15.195,0.35
4.1,6.19,7.5,2.25,2.22,2.5,16.4,1068.0,10.0,10.5,2.17,11.08,2.2
7.4475,5.489035,5.0,2.0,3.22,5.0,14.895,323.7,10.0,8.71,0.86,4.395,0.55
5.663333333,5.203333333,0.0,3.333333333,1.48,10.0,16.99,345.0,30.0,2.2,0.81,,4.53
7.322,5.04469,0.0,2.0,3.22,10.0,14.644,314.0,20.0,7.26,0.62,15.195,1.43
3.602,5.178,10.0,2.8,2.576,0.0,18.01,1409.0,0.0,3.83,0.93,3.87,2.83
9.736666667,5.9845,8.0,4.333333333,3.593333333,2.0,29.21,1333.0,6.0,20.78,0.92,31.14,1.4
0.496666667,7.387777778,9.888888889,2.888888889,0.666666667,0.111111111,4.47,2577.0,1.0,4.47,2.51,11.18,4.83
7.56,4.81,1.666666667,4.333333333,3.26,8.333333333,22.68,1052.0,25.0,3.96,0.82,14.51,1.126666667
3.948181818,5.266363636,9.090909091,3.090909091,2.181818182,0.909090909,43.43,2452.0,10.0,5.49,1.52,6.37,2.06
5.329166667,5.190833333,8.166666667,2.833333333,2.406666667,1.833333333,63.95,3101.0,22.0,3.81,1.33,4.49,1.66
6.0265,4.679,8.5,2.0,3.22,1.5,12.053,575.1,3.0,1.58,0.59,24.44,1.0
7.5216,5.202368,0.0,3.6,2.4,10.0,37.608,1016.0,50.0,3.51,0.25,8.57,0.15
3.254285714,5.242857143,8.571428571,2.857142857,2.348571429,1.428571429,22.78,1815.0,10.0,5.44,1.7,35.22,2.25
5.19,4.6325,7.5,2.0,3.22,2.5,10.38,573.0,5.0,5.49,0.7,27.04,1.75
3.840769231,6.943384615,6.153846154,3.569230769,1.206769231,3.846153846,249.65,15172.0,250.0,9.75,2.06,11.08,2.99
4.766666667,5.200278788,6.363636364,3.0,2.464242424,3.636363636,157.3,7936.0,120.0,7.88,1.7,11.33,0.75
3.775,5.065,10.0,3.0,3.0,0.0,7.55,617.0,0.0,3.91,0.11,,0.23
3.628571429,5.064761905,10.0,3.142857143,2.095238095,0.0,76.2,4705.0,0.0,3.79,1.48,36.28,2.0
6.605,5.72045,5.0,4.0,2.0,5.0,13.21,349.0,10.0,0.73,0.95,9.83,1.8
3.098333333,6.915066667,7.5,3.833333333,1.37,2.5,18.59,1589.0,15.0,11.4,2.33,16.68,2.25
5.24,4.695,6.0,3.5,3.805,4.0,20.96,1314.0,16.0,6.89,1.09,12.08,0.486666667
4.595021872,5.201269991,6.500437445,2.899387577,2.405004374,3.499562555,52.5211,2479.12,40.0,7.88,1.7,9.58,1.28
5.47,5.563333333,3.333333333,4.0,1.666666667,6.666666667,16.41,596.0,20.0,1.9,0.43,13.18,1.72
8.212,5.08016,1.0,3.0,2.376,9.0,16.424,429.2,18.0,6.08,0.32,32.141,0.4
6.11,4.8375,7.5,2.25,3.22,2.5,24.44,1078.0,10.0,4.17,0.8,7.46,1.613333333
3.2725,4.62375,7.5,2.5,2.305,2.5,26.18,1748.0,20.0,7.68,1.54,5.31,2.52
3.398,5.234,8.0,3.0,2.888,2.0,33.98,2980.0,20.0,7.14,0.98,12.39,2.2
4.2,3.878333333,8.166666667,3.1,4.652666667,1.833333333,126.0,11679.0,55.0,5.1,0.51,38.5,0.74
2.072142857,5.169642857,9.857142857,3.357142857,2.214285714,0.142857143,58.02,7807.0,4.0,3.68,1.65,14.79,1.61
1.444,6.924,9.9,3.4,0.8,0.1,14.44,2405.0,1.0,4.79,2.83,,5.2
3.1,3.94,6.666666667,2.0,1.333333333,3.333333333,9.3,369.0,10.0,4.71,1.25,15.3,4.5
4.475555556,5.372322222,8.888888889,3.555555556,2.626666667,1.111111111,40.28,2541.0,10.0,6.89,1.46,11.33,1.35
3.697252336,6.373298318,9.127102804,3.009345794,2.725233645,0.872897196,19.7803,2609.34,4.67,16.6,2.45,31.38,2.31
5.135,4.93,7.5,2.25,3.22,2.5,20.54,1128.0,10.0,8.43,1.04,9.58,2.655
7.626666667,5.963466667,9.333333333,3.333333333,2.666666667,0.666666667,22.88,1073.0,2.0,8.51,1.11,17.37,2.2
3.102222222,4.315555556,10.0,2.444444444,1.777777778,0.0,27.92,1645.0,0.0,4.46,1.47,34.61,0.64
3.3725,5.915,7.25,2.25,2.11,2.75,13.49,1160.0,11.0,10.5,2.45,13.88,3.8
2.298688525,4.653606557,10.0,1.180327869,3.081967213,0.0,140.22,34830.0,0.0,0.6,1.23,96.05,2.7
8.093874189,5.250063505,4.987518722,3.001497753,2.220449326,5.012481278,16.21203,423.582,10.04,6.61,0.55,12.691,0.79
6.1175,4.81295,7.25,2.5,2.61,2.75,24.47,1014.0,11.0,8.91,1.14,9.958,0.79
4.404545455,4.788181818,9.090909091,2.727272727,2.403636364,0.909090909,48.45,2465.0,10.0,6.16,1.36,34.34,2.36
5.063333333,5.133333333,7.777777778,2.888888889,2.32,2.222222222,45.57,1981.0,20.0,3.81,1.33,4.49,2.12
5.177,6.75507,6.0,2.8,2.176,4.0,51.77,1356.0,40.0,13.5,1.36,5.6,2.65
5.99,4.955333333,8.0,2.466666667,3.109333333,2.0,89.85,3978.0,30.0,8.17,0.86,44.96,2.3
0.968333333,6.019583333,9.166666667,2.75,0.685,0.833333333,11.62,2558.5,10.0,6.24,2.68,17.27,4.99
6.486666667,5.78145,5.0,2.333333333,2.886666667,5.0,38.92,1323.0,30.0,11.43,0.97,2.422,1.74
2.46,6.83,9.6,2.8,1.2,0.4,12.3,1593.0,2.0,6.15,2.58,5.98,5.4
5.916363636,4.960909091,5.909090909,2.454545455,2.725454545,4.090909091,130.16,4473.0,90.0,7.12,1.48,4.5,1.57
0.853,6.261,10.0,2.5,1.0,0.0,17.06,5996.0,0.0,2.34,2.83,,7.3
4.465,4.5725,7.5,2.5,2.11,2.5,17.86,806.0,10.0,6.34,1.36,4.09,2.8
0.924615385,6.694615385,9.923076923,3.153846154,0.861538462,0.076923077,12.02,3221.0,1.0,6.66,2.78,5.24,2.46
7.78825,5.23892,5.0,3.0,2.337,5.0,15.5765,438.9,10.0,6.61,0.61,2.231,0.22
6.47125,4.89875,6.25,2.375,3.415,3.75,51.77,2224.0,30.0,4.17,0.8,,0.765
5.9775,4.6825,7.5,2.0,3.61,2.5,23.91,1112.0,10.0,1.81,0.65,29.62,1.103333333
1.96,4.82,10.0,3.0,2.0,0.0,3.92,603.0,0.0,0.22,0.94,6.23,4.17
6.796759259,5.240285185,6.018518519,3.333333333,2.279259259,3.981481481,183.5125,5704.25,107.5,10.54,1.47,8.97,0.53
6.8761,4.729907,0.0,2.0,3.22,10.0,13.7522,323.8,20.0,7.26,0.62,15.195,2.075
4.396,5.372,4.0,3.6,1.0,6.0,21.98,777.0,30.0,3.45,1.48,34.85,1.6
1.115789474,7.038426316,10.0,3.684210526,0.894736842,0.0,21.2,4651.0,0.0,5.24,2.64,8.99,4.091
4.342,5.34569,7.0,2.9,2.532,3.0,43.42,2720.0,30.0,7.0,1.38,18.18,1.28
1.89,4.255,10.0,1.0,2.5,0.0,15.12,3760.0,0.0,1.8,1.08,,2.0
6.557,4.6992,4.8,2.0,3.22,5.2,13.114,535.56,10.4,2.92,0.66,,0.69
2.984857143,4.554,8.171428571,3.142857143,2.374857143,1.828571429,104.47,8523.0,64.0,7.0,1.65,12.08,2.2
5.288888889,4.981111111,5.555555556,2.333333333,2.64,4.444444444,47.6,1414.0,40.0,6.83,1.11,5.53,2.19
4.642,4.056,8.0,2.0,2.888,2.0,23.21,1072.0,10.0,7.1,1.0,21.51,0.95
5.15,5.62,6.666666667,4.0,1.666666667,3.333333333,15.45,636.0,10.0,0.94,0.2,21.01,1.76
8.668,5.08769,0.25,3.0,2.259,9.75,17.336,402.05,19.5,6.08,0.32,32.141,0.34
2.169444444,6.922777778,8.222222222,3.833333333,1.111111111,1.777777778,39.05,5650.0,32.0,8.57,2.78,,3.52
2.183333333,3.846296296,10.0,1.703703704,3.407407407,0.0,117.9,20656.0,0.0,1.73,0.92,47.95,0.64
1.315294118,6.611764706,10.0,2.941176471,1.176470588,0.0,22.36,4947.0,0.0,5.32,2.78,49.98,5.38
3.55,5.05,9.333333333,3.333333333,2.666666667,0.666666667,10.65,1167.0,2.0,4.44,1.32,15.18,2.75
3.54,4.5,10.0,2.0,3.176,0.0,7.08,609.0,0.0,4.08,0.67,10.13,2.3
6.254,4.6865,5.5,2.0,3.22,4.5,12.508,550.6,9.0,5.49,0.7,27.04,0.45
4.742857143,7.8568,9.142857143,3.714285714,1.428571429,0.857142857,33.2,2809.0,6.0,16.6,2.36,31.38,4.2
7.0425,5.29545,5.0,3.0,2.61,5.0,28.17,898.0,20.0,7.11,0.72,,0.82
6.9045,5.35872,5.1,3.6,2.4,4.9,34.5225,1081.5,24.5,4.96,0.48,10.8,0.2
2.809230769,6.944615385,6.615384615,4.461538462,1.350769231,3.384615385,36.52,3433.0,44.0,8.9,2.18,17.27,3.6
4.383125,5.48125,9.0,4.5,1.3125,1.0,70.13,4222.0,16.0,7.04,1.73,,0.46
3.461538462,4.382307692,10.0,2.615384615,2.0,0.0,45.0,2700.0,0.0,4.35,1.36,34.34,2.53
1.789090909,6.981818182,9.636363636,3.727272727,0.909090909,0.363636364,19.68,3009.0,4.0,8.57,2.79,26.18,4.1
4.497142857,5.211485714,8.571428571,2.857142857,2.474285714,1.428571429,31.48,1884.0,10.0,9.33,0.93,3.87,2.38
4.124615385,5.325384615,6.153846154,3.153846154,2.495384615,3.846153846,53.62,3364.0,50.0,8.63,1.7,,2.04
6.493333333,5.2,3.333333333,4.0,2.366666667,6.666666667,19.48,722.0,20.0,0.76,1.05,10.35,0.48
2.26,4.24,10.0,2.0,3.0,0.0,4.52,641.0,0.0,0.88,0.67,10.13,2.796818182
0.27,5.03,10.0,3.0,0.5,0.0,0.54,282.0,0.0,0.54,1.88,0.23,9.33
6.196666667,4.696666667,6.666666667,2.0,3.48,3.333333333,18.59,735.0,10.0,1.4,0.65,20.38,1.026666667
5.623333333,4.996666667,8.888888889,2.555555556,2.862222222,1.111111111,50.61,2331.0,10.0,4.17,0.8,7.46,1.816666667
5.021428571,5.5764,9.0,3.285714286,2.825714286,1.0,35.15,2367.0,7.0,7.77,1.37,16.88,1.75
5.907777778,5.108544444,4.444444444,3.0,2.271111111,5.555555556,53.17,1948.0,50.0,5.57,1.1,,1.15
1.326666667,3.85,10.0,1.666666667,2.0,0.0,7.96,1439.0,0.0,2.16,1.28,,2.75
2.796,5.23,10.0,2.8,2.088,0.0,13.98,1202.0,0.0,4.03,1.7,,3.0
3.22,4.435,10.0,2.0,3.132,0.0,6.44,617.0,0.0,4.08,0.67,10.13,2.35
5.086666667,5.207277778,8.888888889,3.444444444,2.248888889,1.111111111,45.78,1945.0,10.0,4.02,1.33,5.37,2.22
6.83,5.50045,5.0,3.5,2.5,5.0,13.66,414.0,10.0,0.28,0.75,12.21,1.0
1.9,6.9625,7.4375,3.625,0.75,2.5625,30.4,3810.0,41.0,6.24,2.67,17.27,3.9
4.416060606,5.085151515,10.0,3.03030303,2.424242424,0.0,145.73,8415.0,0.0,3.79,1.48,34.75,2.4
2.167037037,3.883333333,10.0,1.703703704,3.407407407,0.0,117.02,20504.0,0.0,1.84,1.03,48.22,1.4
5.6875,5.255125,9.75,4.25,2.45,0.25,45.5,2158.0,2.0,2.73,1.26,,1.41
2.409104478,4.620908955,10.0,1.044776119,2.985074627,0.0,161.41,37970.0,0.0,4.63,0.89,42.54,1.27
5.045833333,5.043333333,8.333333333,2.75,2.406666667,1.666666667,60.55,2609.0,20.0,7.0,1.33,,2.41
3.844,4.56175,10.0,2.0,3.2178,0.0,7.688,601.4,0.0,4.08,0.67,10.13,2.27
6.556666667,4.716666667,1.666666667,4.333333333,3.26,8.333333333,19.67,791.0,25.0,0.95,0.79,0.59,0.17
5.953333333,5.456666667,0.0,4.0,1.666666667,10.0,17.86,566.0,30.0,1.76,0.39,,1.265
4.982666667,5.806713333,6.666666667,2.533333333,2.621333333,3.333333333,74.74,3191.0,50.0,11.97,1.66,5.31,2.48
7.9314,5.244184,5.0,3.0,2.2824,5.0,15.8628,431.48,10.0,6.61,0.61,2.231,0.059
6.196,5.62048,9.8,3.2,2.42,0.2,30.98,1464.0,1.0,5.05,1.25,,1.56
4.526,4.7765,5.5,2.0,3.22,4.5,9.052,429.1,9.0,5.31,1.03,6.66,2.8
3.500952381,4.988571429,10.0,3.142857143,2.095238095,0.0,73.52,4721.0,0.0,4.46,1.47,,2.0
4.854,6.54384,6.0,3.6,1.088,4.0,24.27,1013.0,20.0,11.4,1.86,11.08,2.385
4.388181818,5.233636364,9.090909091,3.090909091,2.181818182,0.909090909,48.27,2737.0,10.0,4.35,1.33,43.51,1.89
3.676363636,6.557381818,6.363636364,3.818181818,0.847272727,3.636363636,40.44,2016.0,40.0,11.4,1.86,17.27,3.79
2.103571429,6.907142857,8.714285714,3.5,1.142857143,1.285714286,29.45,4222.0,18.0,6.15,2.58,20.68,3.63
3.965714286,6.7444,6.904761905,3.19047619,1.258095238,3.095238095,83.28,5968.0,65.0,11.4,2.36,49.98,2.9
3.06625,4.73125,8.0,3.25,2.4725,2.0,24.53,2158.0,16.0,7.32,1.55,12.08,1.86
1.893333333,4.355555556,10.0,2.444444444,1.777777778,0.0,17.04,1853.0,0.0,4.46,1.65,,0.8
4.0555,4.5755,10.0,2.0,3.22,0.0,8.111,599.7,0.0,4.08,0.66,27.04,1.22
6.685,4.595,0.0,2.0,3.22,10.0,13.37,328.0,20.0,0.89,0.62,,2.288333333
1.343,6.76,9.9,3.4,0.8,0.1,13.43,2416.0,1.0,4.79,2.78,13.88,5.4
4.112222222,5.046666667,8.888888889,2.555555556,2.862222222,1.111111111,18.505,1295.5,5.0,6.89,0.98,,2.445
1.921666667,6.141666667,8.333333333,2.333333333,1.406666667,1.666666667,11.53,1593.0,10.0,8.65,2.68,,4.28
0.925,6.08,10.0,3.0,1.0,0.0,1.85,573.0,0.0,1.85,2.07,7.73,10.39
5.241022044,5.121703407,9.97995992,2.795591182,2.581162325,0.02004008,26.1527,1251.25,0.1,4.17,0.8,,1.99
3.556666667,4.879777778,9.333333333,3.022222222,2.088888889,0.666666667,160.05,9774.0,30.0,6.45,1.47,6.37,1.82
3.95058,4.4339,10.0,2.0,4.0,0.0,3.95058,411.35,0.0,2.99,0.06,13.61,2.238
2.9575,4.82375,8.75,2.625,2.305,1.25,23.66,1887.0,10.0,8.97,1.66,10.64,2.6
6.781666667,4.936666667,6.666666667,2.333333333,3.48,3.333333333,40.69,1626.0,20.0,5.71,0.86,,0.905
4.604,6.48208,4.0,3.6,1.088,6.0,23.02,1063.0,30.0,11.4,1.86,19.65,2.48
1.022083333,5.982083333,8.958333333,2.916666667,0.7825,1.041666667,12.265,2614.0,12.5,7.19,2.68,,1.79
3.348571429,5.062857143,7.142857143,2.857142857,2.348571429,2.857142857,23.44,1822.0,20.0,6.77,1.55,5.31,2.3
4.4,6.19715,10.0,2.0,3.0,0.0,8.8,774.0,0.0,8.8,2.02,11.84,1.856666667
4.268571429,5.130714286,10.0,3.0,2.285714286,0.0,59.76,3253.0,0.0,3.58,1.52,34.85,2.04
7.996956522,5.238313043,3.913043478,3.130434783,2.259130435,6.086956522,18.393,481.2,14.0,6.61,0.55,12.691,0.25
6.7827,5.3856,5.94,3.6,2.4,4.06,33.9135,1094.1,20.3,4.96,0.48,10.8,0.27
5.676666667,5.500977778,1.111111111,4.0,1.444444444,8.888888889,51.09,1625.0,80.0,7.68,0.79,9.58,1.32
6.058461538,6.979846154,6.769230769,2.923076923,2.135384615,3.230769231,78.76,2193.0,42.0,13.5,1.62,25.405,2.47
5.056666667,5.243483333,8.333333333,2.833333333,2.24,1.666666667,30.34,1043.0,10.0,5.26,1.52,5.57,2.035
6.544,5.152,4.0,4.0,2.44,6.0,32.72,1247.0,30.0,0.76,1.05,10.35,1.12
6.05,5.175,5.0,3.0,3.0,5.0,12.1,529.0,10.0,2.52,0.61,0.34,0.991666667
6.041666667,5.3856,5.0,3.0,2.48,5.0,36.25,1398.0,30.0,9.83,0.9,15.77,1.6
0.907692308,6.185384615,10.0,2.615384615,1.076923077,0.0,11.8,3721.0,0.0,2.7,2.78,49.98,6.89
4.695,4.26,5.0,2.0,3.0,5.0,9.39,588.0,10.0,3.99,0.33,,1.6518
4.934,5.17656,8.533333333,3.066666667,2.133333333,1.466666667,74.01,3543.0,22.0,7.04,1.47,17.54,1.33
6.2785,4.979845,5.0,2.0,3.22,5.0,12.557,351.0,10.0,8.71,0.85,,1.75
6.064347826,4.702173913,6.086956522,2.173913043,3.08,3.913043478,13.948,618.5,9.0,1.9,0.75,14.28,0.67
7.165,4.6775,0.0,2.25,3.415,10.0,57.32,1897.0,80.0,2.72,0.62,,1.39
1.439545455,7.088636364,9.727272727,3.727272727,0.909090909,0.272727273,31.67,5772.0,6.0,6.11,2.56,20.68,2.96
3.144,6.39,7.6,4.8,2.312,2.4,15.72,1583.0,12.0,7.86,2.22,13.58,2.2
4.9612,4.586,10.0,2.0,4.0,0.0,4.9612,386.0,0.0,2.99,0.06,,0.84
3.655506993,5.404755245,9.737762238,2.896853147,2.449300699,0.262237762,41.819,3704.64,3.0,5.83,1.39,,2.34
6.307692308,5.615307692,8.923076923,3.692307692,3.196923077,1.076923077,82.0,4692.0,14.0,20.33,1.51,35.22,1.539
5.113,5.234,8.0,3.0,2.444,2.0,51.13,2331.0,20.0,5.44,1.52,,1.87
6.672857143,4.852857143,0.0,2.571428571,2.76,10.0,46.71,1405.0,70.0,1.07,0.62,14.23,1.873333333
6.810574713,5.227183908,4.310344828,3.304597701,2.474482759,5.689655172,47.4016,1526.48,39.6,4.96,0.8,6.36,0.68
1.296363636,7.21,10.0,3.454545455,0.909090909,0.0,14.26,3343.0,0.0,4.79,1.6,49.98,4.64
7.745714286,5.6667,0.0,2.857142857,2.188571429,10.0,54.22,1057.0,70.0,8.57,0.82,9.005,2.47
2.685,4.5375,7.5,2.75,2.25,2.5,42.96,3668.0,40.0,5.38,1.38,16.83,1.4
5.028888889,5.187777778,8.888888889,3.222222222,2.282222222,1.111111111,45.26,2066.0,10.0,3.81,1.33,4.49,2.2
5.844,4.462,6.0,1.6,3.376,4.0,29.22,1046.0,20.0,3.63,1.13,20.38,0.23
4.893333333,5.75338,6.666666667,2.533333333,2.621333333,3.333333333,73.4,3199.0,50.0,12.64,1.65,5.31,2.45
3.394285714,5.001428571,7.142857143,2.857142857,2.348571429,2.857142857,23.76,1751.0,20.0,6.45,1.65,5.31,2.3
3.0775,4.68,7.5,2.5,2.11,2.5,12.31,891.0,10.0,6.45,1.65,1.54,3.0
4.694482759,5.186993103,7.586206897,3.034482759,2.313103448,2.413793103,34.035,1890.5,17.5,10.43,1.54,35.22,2.08
2.82,3.6425,7.5,1.5,1.5,2.5,11.28,520.0,10.0,5.16,1.05,17.68,1.0
1.628571429,6.574342857,8.571428571,2.857142857,2.92,1.428571429,11.4,3034.0,10.0,11.4,1.36,4.439,3.0
5.514117647,5.241176471,8.235294118,3.294117647,2.575294118,1.764705882,93.74,4904.0,30.0,3.07,1.27,13.67,0.85
6.974444444,4.83,0.0,2.333333333,2.64,10.0,62.77,1293.0,90.0,3.72,0.82,13.68,1.83
5.998333333,6.664791667,5.75,3.25,1.925,4.25,71.98,1793.0,51.0,19.0,1.76,15.195,2.6
5.892222222,4.821111111,2.222222222,2.333333333,2.64,7.777777778,53.03,1399.0,70.0,6.83,0.82,7.16,2.17
4.145,5.115,10.0,3.0,2.0,0.0,8.29,407.0,0.0,1.29,1.33,,3.626666667
2.952307692,6.886153846,5.384615385,3.692307692,1.153846154,4.615384615,38.38,3160.0,60.0,6.69,1.74,19.65,1.95
8.6275,5.070236,0.35,2.965,2.255,9.65,17.255,399.3,19.3,5.5,0.52,12.691,0.34
4.394,5.868,2.0,4.4,0.8,8.0,21.97,1145.0,40.0,2.68,0.28,97.18,2.26
4.886315789,6.642673684,5.263157895,2.842105263,1.583157895,4.736842105,92.84,4314.0,90.0,11.9,2.11,17.27,2.3
8.0814,5.25065,5.0,3.0,2.22,5.0,16.1628,423.52,10.0,9.33,0.73,4.97,0.255
7.1975,5.10295,5.0,2.5,2.72,5.0,28.79,879.0,20.0,7.11,0.79,3.43,1.206363636
3.775,3.895,5.0,2.0,2.0,5.0,7.55,352.0,10.0,5.83,1.04,,0.9
5.82,3.495,4.5,0.5,3.72,5.5,11.64,490.0,11.0,5.66,0.28,7.91,1.714
1.741111111,6.991111111,8.333333333,3.888888889,0.753333333,1.666666667,15.67,2420.0,15.0,10.2,2.68,31.78,2.8
6.178833333,6.230005667,6.0,2.0,2.842666667,4.0,92.6825,2545.85,60.0,11.63,1.7,,1.84
6.808,4.649,2.0,2.0,3.22,8.0,13.616,521.0,16.0,1.58,0.59,,0.13
6.803,5.38112,5.8,3.6,2.4,4.2,34.015,1092.0,21.0,4.96,0.48,,0.78
4.490444444,5.035411111,7.638888889,3.533333333,3.098111111,2.361111111,40.414,2596.1,21.25,5.83,1.39,10.33,1.66
8.817955,5.0899448,0.0,2.9995,2.2205,10.0,17.63591,393.047,20.0,5.16,0.56,,0.3
1.604782609,7.447391304,7.652173913,4.043478261,0.347826087,2.347826087,36.91,5456.0,54.0,6.15,2.58,,3.58
2.511111111,6.391955556,7.777777778,3.333333333,1.111111111,2.222222222,67.8,6045.0,60.0,9.75,2.51,11.08,3.34
5.565,4.655,9.0,2.0,3.22,1.0,11.13,582.0,2.0,5.49,0.7,27.04,1.58
5.19625,5.31,9.75,3.0,2.5,0.25,41.57,2358.0,2.0,1.36,1.27,30.74,1.24
6.3932,4.80345,5.0,2.0,3.22,5.0,12.7864,347.17,10.0,3.86,0.86,1.13,2.85
3.606,3.806,6.0,2.4,2.4,4.0,18.03,1058.0,20.0,5.14,0.77,11.33,1.4
6.1675,4.685,7.5,2.0,3.22,2.5,12.335,566.5,5.0,1.58,0.59,24.44,0.75
2.653333333,3.673333333,6.666666667,2.0,1.333333333,3.333333333,7.96,377.0,10.0,5.38,1.24,15.16,1.9
4.655538462,5.010923077,6.0,2.461538462,2.972307692,4.0,30.261,1817.7,26.0,6.89,0.98,11.33,1.55
6.525,4.604,4.0,2.0,3.22,6.0,13.05,500.2,12.0,2.75,0.63,14.28,0.8
4.535,5.2375,7.5,3.0,2.0,2.5,18.14,795.0,10.0,4.82,1.52,,1.7
5.856,5.44524,9.6,2.8,2.46,0.4,58.56,3046.0,4.0,5.05,1.26,13.14,1.1
7.113333333,4.928333333,5.0,2.333333333,3.48,5.0,42.68,1551.0,30.0,5.71,0.86,4.61,0.783333333
6.386818182,4.772727273,2.727272727,2.454545455,2.725454545,7.272727273,140.51,4328.0,160.0,7.12,1.25,,1.64
1.787058824,6.381823529,9.647058824,3.529411765,1.152941176,0.352941176,30.38,4494.0,6.0,7.52,2.78,15.23,3.26
5.128888889,5.231577778,8.777777778,2.888888889,2.271111111,1.222222222,46.16,2136.0,11.0,4.4,1.33,6.79,2.24
8.8225,5.089807,0.0,2.995,2.225,10.0,17.645,392.86,20.0,5.66,0.49,13.348,0.59
4.25,5.4682,10.0,4.8,2.32,0.0,21.25,1251.0,0.0,5.45,1.44,6.91,2.98
5.315,4.64,8.0,2.0,3.22,2.0,10.63,576.0,4.0,5.49,0.7,27.04,1.74
5.88,5.88045,10.0,4.0,2.0,0.0,11.76,379.0,0.0,2.18,1.18,0.97,1.5
7.0,4.615,0.0,2.0,3.22,10.0,14.0,505.0,20.0,0.62,0.36,16.61,0.220631579
6.65,4.6,7.666666667,4.333333333,3.926666667,2.333333333,19.95,1260.0,7.0,10.58,0.87,27.04,0.8
2.635333333,5.28456,9.866666667,3.266666667,2.2,0.133333333,79.06,8380.0,4.0,9.88,1.7,,2.8
2.235,5.14,9.5,2.0,3.0,0.5,4.47,896.0,1.0,4.47,2.01,11.04,1.9
8.66,6.57076,5.0,2.0,3.22,5.0,17.32,298.2,10.0,8.71,0.86,,1.116666667
0.834285714,8.038571429,10.0,4.0,0.714285714,0.0,5.84,1190.0,0.0,3.5,3.25,49.94,6.89
2.305,4.605,10.0,3.0,2.0,0.0,4.61,443.0,0.0,0.47,1.43,6.58,4.78
3.954,4.864,10.0,2.8,2.4,0.0,19.77,1333.0,0.0,2.09,0.76,4.1,3.125
2.464705882,7.103529412,6.882352941,3.647058824,0.934117647,3.117647059,41.9,4142.0,53.0,10.5,2.35,20.68,2.16
2.458,6.35376,8.0,3.6,1.0,2.0,12.29,990.0,10.0,9.75,2.56,,3.52
2.985,5.68,10.0,3.75,2.25,0.0,23.88,2278.0,0.0,3.66,0.38,25.98,2.35
3.8825,3.475,8.75,2.0,3.695,1.25,15.53,1259.0,5.0,4.73,0.19,,0.58
3.715,5.855,7.5,4.5,2.89,2.5,7.43,530.0,5.0,7.43,2.26,11.83,3.6
4.3345,4.5595,5.5,2.0,3.198,4.5,8.669,566.3,9.0,5.49,0.7,10.13,1.5
4.001666667,4.831666667,6.666666667,2.5,2.74,3.333333333,48.02,3126.0,40.0,7.43,1.66,11.33,1.44
7.6353,5.19744,0.06,3.6,2.4,9.94,38.1765,1005.9,49.7,4.96,0.48,10.8,0.1525
3.336,3.85,10.0,2.4,2.4,0.0,16.68,1048.0,0.0,3.99,0.79,18.75,2.45
2.668,5.483136,9.92,3.36,2.24,0.08,66.7,7060.0,2.0,6.08,1.51,9.39,3.41
4.626363636,5.055236364,6.363636364,2.545454545,2.443636364,3.636363636,50.89,2191.0,40.0,7.88,1.7,,1.7
7.452857143,5.537242857,4.285714286,3.142857143,2.428571429,5.714285714,52.17,1739.0,40.0,2.83,0.97,2.41,0.9
4.525714286,4.665714286,5.714285714,2.285714286,2.982857143,4.285714286,31.68,1865.0,30.0,8.1,1.65,18.15,1.615
3.655,5.555,5.0,2.0,3.22,5.0,7.31,716.0,10.0,7.31,1.6,2.9,2.13
2.95,4.81,7.5,3.0,2.0,2.5,11.8,929.0,10.0,5.72,1.54,18.15,1.64
3.059090909,4.852727273,9.090909091,2.727272727,2.403636364,0.909090909,33.65,2758.0,10.0,7.68,1.54,35.22,2.89
6.93625,4.64375,0.0,2.125,3.22,10.0,55.49,1631.0,80.0,2.72,0.62,14.23,1.05
2.417313433,4.604410448,10.0,1.074626866,2.997014925,0.0,161.96,38025.0,0.0,5.18,0.97,41.57,0.8
1.204,6.552333333,10.0,2.8,1.133333333,0.0,36.12,9146.0,0.0,5.32,2.79,,5.42
2.011428571,6.5672,8.571428571,3.142857143,0.92,1.428571429,14.08,1597.0,10.0,11.4,2.78,4.579,4.44
3.936,4.702,8.6,3.8,3.556,1.4,19.68,1903.0,7.0,10.58,0.87,23.34,0.51
2.08,7.393333333,6.666666667,4.0,0.666666667,3.333333333,6.24,695.0,10.0,6.24,1.54,17.27,3.0
1.132631579,6.693157895,10.0,2.842105263,1.157894737,0.0,64.56,18623.0,0.0,3.5,2.64,49.98,3.44
7.99275,5.24644,5.0,3.0,2.259,5.0,15.9855,428.3,10.0,6.61,0.61,2.231,0.205
5.583333333,5.536266667,3.333333333,4.0,1.666666667,6.666666667,16.75,593.0,20.0,7.68,0.66,9.58,1.593333333
6.8425,4.65295,2.25,2.5,2.61,7.75,27.37,954.0,31.0,8.91,0.91,13.348,0.85
2.867058824,7.2014,9.117647059,3.941176471,1.372941176,0.882352941,48.74,5596.0,15.0,10.2,2.51,,1.0
5.57,5.1425,8.916666667,2.666666667,2.656666667,1.083333333,66.84,3482.0,13.0,4.17,1.27,7.46,1.36
5.818571429,4.692857143,7.857142857,4.428571429,3.62,2.142857143,40.73,2099.0,15.0,2.4,1.02,10.21,1.59
1.513333333,6.626666667,9.333333333,3.333333333,1.333333333,0.666666667,4.54,968.0,2.0,4.54,2.39,,3.3
6.450833333,5.340075,0.833333333,3.666666667,2.333333333,9.166666667,77.41,2579.0,110.0,0.73,0.95,12.21,0.22
4.4025,4.62,7.5,2.0,3.61,2.5,17.61,1119.0,10.0,6.83,0.77,36.28,1.726666667
6.919142857,4.890857143,0.0,2.628571429,2.76,10.0,48.434,1507.2,70.0,4.26,0.63,14.23,0.42
7.716,6.296366667,6.666666667,2.4,3.146666667,3.333333333,115.74,4467.0,50.0,18.44,1.65,11.89,2.14
4.2,4.526666667,6.666666667,2.0,3.813333333,3.333333333,12.6,968.0,10.0,7.14,0.71,12.39,1.453333333
6.32,4.475714286,5.571428571,1.857142857,3.617142857,4.428571429,44.24,2073.0,31.0,5.97,1.14,7.41,0.3
5.8822,4.6581,9.3,2.0,3.22,0.7,11.7644,582.4,1.4,0.96,0.55,,0.66
4.278221574,4.880029155,8.0,2.874635569,3.043731778,2.0,29.3486,2586.74,13.72,6.89,1.32,,1.26
7.34625,5.21795,3.75,3.0,2.61,6.25,58.77,1786.0,50.0,7.11,0.72,23.558,0.67
6.126666667,4.783333333,8.0,4.333333333,3.593333333,2.0,18.38,947.0,6.0,3.07,0.91,21.01,0.6
5.753333333,4.973333333,5.0,2.333333333,3.48,5.0,34.52,1707.0,30.0,8.43,1.04,,1.353333333
9.626666667,6.101366667,8.666666667,4.0,3.26,1.333333333,28.88,1303.0,4.0,14.51,1.0,28.71,1.465
2.662,6.88841,8.6,3.4,0.978,1.4,26.62,2862.0,14.0,19.3,2.68,35.18,4.0
6.9398,4.774876,0.0,2.0,3.22,10.0,13.8796,322.4,20.0,7.26,0.62,15.195,1.9
3.916666667,4.743333333,8.0,4.333333333,3.593333333,2.0,11.75,1012.0,6.0,6.04,1.09,13.14,0.25
5.226363636,5.34,9.818181818,3.090909091,2.581818182,0.181818182,57.49,3181.0,2.0,1.87,1.26,31.48,1.1
2.883333333,8.033333333,6.666666667,3.333333333,1.48,3.333333333,8.65,270.0,10.0,8.65,2.78,5.93,6.0
5.15625,5.831125,9.75,3.0,2.5,0.25,41.25,2616.0,2.0,11.23,1.39,22.34,1.0
1.293846154,7.364615385,8.923076923,3.692307692,0.769230769,1.076923077,16.82,3624.0,14.0,6.24,2.51,20.68,2.2
4.703846154,5.131538462,10.0,3.076923077,2.495384615,0.0,61.15,3342.0,0.0,4.93,1.36,34.34,2.35
4.318571429,6.6144,6.428571429,3.571428571,1.522857143,3.571428571,30.23,1669.0,25.0,11.4,2.26,11.83,1.5
4.267,4.69425,7.25,2.0,3.22,2.75,8.534,495.95,5.5,5.31,1.03,6.66,2.35
6.82625,4.69,5.75,2.5,3.665,4.25,54.61,2648.0,34.0,4.17,1.1,19.71,2.45
6.818285714,6.813991429,5.714285714,2.4,2.588571429,4.285714286,119.32,2442.5,75.0,13.5,1.37,25.405,1.955
3.039375,6.868125,6.5625,3.3125,1.44375,3.4375,48.63,3878.0,55.0,10.2,2.36,,3.81
0.775,5.69,10.0,3.0,1.0,0.0,1.55,427.0,0.0,1.55,2.51,,7.0034
5.694545455,4.855454545,6.818181818,3.363636364,2.969090909,3.181818182,125.28,5149.0,70.0,5.9,1.48,9.86,1.76
5.723333333,5.483333333,0.0,4.0,1.333333333,10.0,17.17,516.0,30.0,2.38,0.57,0.79,2.4
4.346666667,5.093333333,7.333333333,5.333333333,3.26,2.666666667,13.04,988.0,8.0,6.83,1.02,15.75,0.64
2.560555556,6.476666667,7.722222222,2.444444444,1.653333333,2.277777778,46.09,5080.0,41.0,8.65,2.51,49.98,3.78
5.886666667,5.666266667,6.666666667,4.0,1.666666667,3.333333333,17.66,546.0,10.0,6.63,0.73,6.01,1.666666667
7.825,4.4994,5.0,2.0,3.22,5.0,15.65,493.0,10.0,3.85,0.27,,0.1
9.315,3.68,2.5,2.5,5.11,7.5,18.63,808.0,15.0,4.37,0.16,16.68,2.37
2.789655172,6.551724138,7.24137931,2.413793103,1.742068966,2.75862069,80.9,7575.0,80.0,8.65,2.78,49.98,3.14
3.741884058,5.78644058,8.84057971,3.884057971,2.115942029,1.15942029,64.5475,4270.75,20.0,4.9,1.36,18.15,1.71
4.0425,4.87,10.0,3.0,2.0,0.0,16.17,846.0,0.0,4.87,1.47,,1.625
5.397142857,5.4343,7.142857143,4.142857143,2.285714286,2.857142857,37.78,1610.0,20.0,1.9,1.25,,0.95
3.86,4.99,7.5,2.25,3.11,2.5,15.44,1469.0,10.0,6.89,0.98,48.48,3.61
2.905,3.9525,7.5,1.5,1.5,2.5,11.62,513.0,10.0,5.16,1.09,17.78,1.5
4.561428571,4.928571429,9.571428571,3.285714286,2.555714286,0.428571429,63.86,3545.0,6.0,7.0,1.47,34.61,1.95
2.554666667,6.888133333,10.0,4.933333333,1.2,0.0,38.32,4449.0,0.0,8.23,2.54,10.58,4.59
2.156818182,7.620413636,7.272727273,3.954545455,0.338181818,2.727272727,47.45,4816.0,60.0,19.3,2.64,12.33,2.32
5.006,4.234,4.0,1.2,3.864,6.0,25.03,1023.0,30.0,5.31,0.76,6.66,1.175
3.815333333,5.330666667,8.4,2.933333333,2.429333333,1.6,57.23,4708.0,24.0,5.24,1.45,18.15,2.07
4.387777778,5.111111111,10.0,2.666666667,2.097777778,0.0,39.49,1865.0,0.0,4.03,1.52,4.6,1.95
6.897285714,4.880571429,0.0,2.585714286,2.76,10.0,48.281,1416.3,70.0,4.26,0.63,14.23,0.29
6.852413793,5.227682759,6.896551724,2.965517241,2.619310345,3.103448276,49.68,1770.0,22.5,6.61,0.86,32.141,1.51
3.828461538,5.224615385,8.153846154,3.230769231,2.913846154,1.846153846,49.77,4156.0,24.0,8.68,1.28,25.74,2.02
2.205833333,7.155833333,7.25,3.75,0.87,2.75,52.94,6008.0,66.0,10.5,2.35,20.68,2.24
6.342857143,4.871428571,4.285714286,2.142857143,3.617142857,5.714285714,44.4,1951.0,40.0,8.43,1.04,18.15,2.048083333
4.785833333,6.283333333,5.0,2.416666667,2.266666667,5.0,57.43,3021.0,60.0,10.5,2.17,11.08,1.4
8.003333333,4.663333333,4.0,1.733333333,3.968,6.0,120.05,3936.0,90.0,5.71,0.86,4.61,0.71
4.335,4.7675,7.5,2.25,3.11,2.5,17.34,1168.0,10.0,8.43,1.04,9.58,3.13
3.631,5.36988,8.0,3.3,2.644,2.0,36.31,2795.0,20.0,8.68,1.04,10.64,1.7
6.81,5.13,5.0,2.5,2.72,5.0,13.62,396.0,10.0,7.38,1.11,6.01,2.52
5.436923077,5.232307692,9.230769231,3.0,2.836923077,0.769230769,70.68,3517.0,10.0,5.71,0.86,,2.17
5.288421053,5.281052632,9.473684211,3.105263158,2.783157895,0.526315789,100.48,5179.0,10.0,5.71,0.86,31.35,2.14
6.495,4.885,7.5,2.25,3.22,2.5,25.98,1024.0,10.0,5.71,0.86,5.71,1.673833333
7.69,4.605714286,0.0,1.857142857,3.394285714,10.0,53.83,1342.0,70.0,4.26,0.63,14.23,0.47
3.893975,6.181975,5.825,2.4175,2.1125,4.175,15.5759,1037.47,16.7,10.5,2.68,,2.7
6.31,5.161533333,5.0,2.833333333,2.813333333,5.0,37.86,1524.0,30.0,9.33,1.04,,1.2
5.3325,5.1375,5.0,2.75,3.11,5.0,21.33,1104.0,20.0,8.43,1.04,,1.923333333
6.6925,5.0925,5.0,2.75,3.11,5.0,26.77,1000.0,20.0,5.71,0.86,13.18,0.692
4.587,5.14,8.9,3.1,2.644,1.1,45.87,2654.0,11.0,8.68,1.14,,1.55
8.37,4.645,0.0,2.0,3.72,10.0,16.74,481.0,20.0,4.26,0.63,6.19,0.79
6.225,4.1744,5.0,2.0,3.0,5.0,12.45,533.0,10.0,7.05,0.28,0.51,0.4
2.292,7.09,10.0,3.6,1.2,0.0,11.46,1351.0,0.0,5.73,1.51,,4.0
5.166,5.524,10.0,3.6,2.4,0.0,25.83,1285.0,0.0,0.94,0.2,21.01,1.785714286
5.985,5.305,5.0,3.5,2.5,5.0,11.97,499.0,10.0,0.51,0.03,10.21,0.74
2.322,4.804,10.0,1.2,3.2,0.0,11.61,3009.0,0.0,0.09,0.53,54.8,1.64
2.265714286,4.651428571,10.0,1.285714286,3.0,0.0,15.86,3753.0,0.0,0.52,0.2,49.54,3.3
4.035,4.885,10.0,2.0,3.0,0.0,8.07,875.0,0.0,3.39,0.09,22.5,1.455
4.515,4.8,5.0,2.0,3.0,5.0,9.03,835.0,10.0,4.35,0.14,30.33,2.6
4.731111111,5.231111111,10.0,3.111111111,2.271111111,0.0,42.58,2083.0,0.0,2.4,1.33,22.11,1.39
0.8416,6.9628,10.0,2.64,0.88,0.0,21.04,7907.0,0.0,3.5,2.64,49.98,6.53
3.666666667,5.2432,8.888888889,3.111111111,2.271111111,1.111111111,33.0,2248.0,10.0,7.68,1.51,9.58,2.38
1.081111111,6.503333333,10.0,2.888888889,1.111111111,0.0,19.46,5498.0,0.0,3.5,2.64,49.98,5.6
1.413809524,6.70952381,9.523809524,2.761904762,1.259047619,0.476190476,29.69,6898.0,10.0,8.65,2.64,49.98,4.59
6.057,4.79384,7.8,2.6,2.888,2.2,60.57,2747.0,22.0,8.2,1.33,9.41,1.75
3.431111111,5.205185185,10.0,2.888888889,2.500740741,0.0,92.64,7489.0,0.0,3.83,1.51,35.22,3.0
3.32037037,5.188518519,10.0,2.888888889,2.500740741,0.0,89.65,7564.0,0.0,3.83,1.51,48.83,3.4
5.85,5.075711111,4.444444444,2.777777778,2.271111111,5.555555556,52.65,1922.0,50.0,5.05,1.1,,1.13
4.837777778,5.212222222,8.888888889,3.111111111,2.271111111,1.111111111,43.54,2043.0,10.0,3.19,1.33,14.28,2.51
5.643333333,5.034444444,3.333333333,3.111111111,2.271111111,6.666666667,50.79,1893.0,60.0,3.19,1.1,,1.66
4.591111111,5.034444444,9.888888889,2.888888889,2.271111111,0.111111111,41.32,2204.0,1.0,2.4,1.33,,2.31
3.85625,5.8046125,8.75,3.0,2.305,1.25,30.85,1816.0,10.0,11.43,1.51,6.03,2.4
5.796666667,4.993333333,3.222222222,2.888888889,2.293333333,6.777777778,52.17,2007.0,61.0,3.81,1.1,,1.35
5.201111111,5.260155556,8.888888889,2.777777778,2.271111111,1.111111111,46.81,2029.0,10.0,5.05,1.33,7.8,2.27
4.75,4.995,8.333333333,2.666666667,2.406666667,1.666666667,28.5,1172.0,10.0,3.63,1.33,1.06,2.75
2.026923077,6.619230769,8.769230769,3.230769231,1.418461538,1.230769231,26.35,3511.0,16.0,7.13,2.64,20.68,3.48
2.904545455,5.282727273,9.090909091,3.090909091,2.181818182,0.909090909,31.95,3049.0,10.0,4.62,1.51,,2.62
2.416,6.922506667,8.0,3.466666667,0.933333333,2.0,36.24,3392.0,30.0,9.75,2.64,,2.3
2.74,5.515144,10.0,3.36,2.24,0.0,68.5,6866.0,0.0,6.98,1.51,11.54,3.3
1.296,7.0252,9.2,3.36,0.9952,0.8,32.4,6270.0,20.0,7.31,2.64,7.53,3.87
4.965,5.291428571,7.857142857,3.285714286,2.285714286,2.142857143,69.51,3182.0,30.0,3.81,1.33,13.18,0.97
3.513636364,5.117727273,9.545454545,2.772727273,2.483636364,0.454545455,77.3,5836.0,10.0,6.89,1.51,11.33,2.82
4.780952381,5.158095238,10.0,2.952380952,2.36952381,0.0,100.4,4965.0,0.0,2.4,1.33,31.35,2.18
4.614545455,5.048636364,10.0,2.818181818,2.281818182,0.0,101.52,5035.0,0.0,5.36,1.37,4.75,2.65
3.164375,5.4075,8.125,3.375,2.0625,1.875,50.63,3859.0,30.0,6.69,1.84,,2.09
4.684210526,5.085789474,10.0,2.842105263,2.303157895,0.0,89.0,4314.0,0.0,2.4,1.33,2.16,2.2
1.313333333,7.119583333,10.0,3.25,0.958333333,0.0,31.52,5615.0,0.0,3.5,3.25,,4.94
3.411111111,5.258888889,8.148148148,3.111111111,2.37037037,1.851851852,92.1,6955.0,50.0,5.24,1.51,,2.29
5.245,5.763233333,8.333333333,2.666666667,2.406666667,1.666666667,125.88,4668.0,40.0,11.43,1.51,6.03,1.98
4.226666667,5.113333333,6.666666667,2.833333333,2.74,3.333333333,25.36,1617.0,20.0,6.89,1.51,18.15,2.0
4.675,5.915,5.0,2.75,2.36,5.0,18.7,794.0,20.0,8.96,3.25,17.23,2.3
1.166666667,8.216666667,10.0,4.0,0.666666667,0.0,3.5,338.0,0.0,3.5,3.25,7.49,9.1425
4.637,5.156,10.0,3.0,2.488,0.0,46.37,2566.0,0.0,3.57,1.33,44.96,2.88
7.563076923,5.573769231,8.923076923,3.692307692,3.196923077,1.076923077,98.32,4380.0,14.0,18.9,1.33,30.25,1.332
1.956666667,7.356666667,7.222222222,3.888888889,0.432222222,2.777777778,35.22,3974.0,50.0,12.0,2.64,17.38,1.97
2.162,6.834,8.0,3.2,1.2,2.0,10.81,1229.0,10.0,7.31,2.64,7.53,3.1
1.608,6.544,9.6,3.2,1.2,0.4,8.04,1397.0,2.0,4.54,2.64,15.23,3.057
5.015714286,5.128571429,8.571428571,2.857142857,2.634285714,1.428571429,35.11,1596.0,10.0,3.63,1.33,,2.46
3.786,4.274,6.0,2.4,2.4,4.0,18.93,1496.0,20.0,4.84,0.33,11.92,0.67
4.045,4.615,5.0,3.0,2.0,5.0,8.09,521.0,10.0,4.39,0.53,9.54,2.89
7.63176,5.1962048,0.0,3.6,2.4,10.0,38.1588,1006.1,50.0,3.51,0.25,8.57,0.143
7.032,5.22976,0.0,3.6,2.4,10.0,35.16,1060.0,50.0,3.51,0.25,8.57,0.187
2.284375,7.3036,7.1875,4.0625,0.73625,2.8125,36.55,3764.0,45.0,9.75,2.33,16.68,2.4
2.947058824,7.1028,7.941176471,4.058823529,1.372941176,2.058823529,50.1,5376.0,35.0,10.2,2.36,31.78,2.9
7.209,5.29152,3.0,3.6,2.4,7.0,36.045,1050.0,35.0,4.96,0.48,10.8,0.29
7.383,5.25312,1.8,3.6,2.4,8.2,36.915,1032.0,41.0,4.96,0.48,10.8,0.295
2.74,7.047963636,8.181818182,3.454545455,1.272727273,1.818181818,45.21,4366.5,30.0,9.75,1.81,36.72,3.3
3.012941176,6.928541176,7.294117647,3.647058824,1.294117647,2.705882353,51.22,4595.0,46.0,9.75,2.35,20.68,2.0
4.129230769,6.820307692,5.384615385,3.692307692,1.153846154,4.615384615,53.68,2885.0,60.0,9.75,1.79,11.08,2.76
6.6015,5.29802,2.5,3.6,2.4,7.5,132.03,4430.0,150.0,7.68,0.66,,0.4
4.7775,6.0147,7.5,4.5,0.75,2.5,19.11,543.0,10.0,6.63,0.73,,2.66
5.875,5.6547,5.0,2.75,2.61,5.0,23.5,1021.0,20.0,9.75,2.11,12.83,0.82
2.423333333,7.631466667,8.333333333,4.0,0.833333333,1.666666667,14.54,1260.0,10.0,9.75,2.4,11.08,3.83
1.776666667,7.485422222,7.777777778,3.777777778,0.888888889,2.222222222,15.99,2371.0,20.0,9.75,1.79,,3.62
2.806666667,3.553333333,10.0,2.0,2.666666667,0.0,8.42,733.0,0.0,3.77,0.7,28.4,1.0
3.47,3.536666667,6.666666667,2.0,2.666666667,3.333333333,10.41,658.0,10.0,5.76,0.59,1.51,0.9
1.036,6.416,9.8,3.2,1.3,0.2,20.72,5818.0,4.0,4.54,2.51,50.33,1.65
3.205555556,6.672737778,6.888888889,3.466666667,1.155555556,3.111111111,144.25,10262.0,140.0,9.75,2.51,11.08,2.6
0.516666667,7.73,10.0,4.0,0.666666667,0.0,1.55,336.0,0.0,1.55,3.12,,9.96
3.404285714,5.121428571,10.0,3.714285714,2.314285714,0.0,23.83,1950.0,0.0,5.45,1.46,6.82,2.7
3.338571429,5.098571429,10.0,3.428571429,2.314285714,0.0,23.37,2006.0,0.0,5.22,1.43,6.82,2.9
1.81,4.43,10.0,3.0,2.0,0.0,3.62,457.0,0.0,0.52,1.38,,5.593333333
3.17,4.385,10.0,3.0,2.0,0.0,6.34,405.0,0.0,3.24,1.2,,4.935
6.2075,4.491,2.25,2.0,3.121,7.75,12.415,434.55,15.5,5.95,0.63,13.68,1.93
6.345,4.512,2.0,2.0,3.132,8.0,12.69,420.6,16.0,5.95,0.63,,1.8
7.4175,4.6758,0.05,2.0,3.2178,9.95,14.835,311.79,19.9,5.95,0.63,13.68,1.6
6.157777778,5.027777778,5.555555556,2.333333333,2.64,4.444444444,55.42,1388.0,40.0,5.53,1.11,22.41,1.863333333
2.883333333,5.866666667,6.666666667,3.333333333,1.48,3.333333333,8.65,354.0,10.0,8.65,1.37,2.96,5.75
2.719,6.932,8.0,3.2,1.388,2.0,27.19,2398.0,20.0,8.96,2.17,12.83,3.33
6.061428571,5.06,5.714285714,2.571428571,2.76,4.285714286,42.43,1506.0,30.0,3.86,0.86,,1.608
6.89,4.877142857,0.0,2.571428571,2.76,10.0,48.23,1386.0,70.0,2.41,0.63,14.23,1.182
6.738636364,4.930909091,0.0,2.727272727,2.634545455,10.0,148.25,4617.0,220.0,2.41,0.63,14.23,1.02
4.325,6.145,5.0,2.0,2.22,5.0,8.65,361.0,10.0,8.65,2.17,5.97,2.3
3.186,4.752,8.0,2.4,3.288,2.0,15.93,1372.0,10.0,6.83,0.77,5.53,0.9995
5.36,4.885,5.0,2.0,3.22,5.0,10.72,391.0,10.0,6.58,1.04,4.47,2.534718519
6.7064,4.84045,5.0,2.0,3.22,5.0,13.4128,339.52,10.0,6.58,1.04,4.97,1.68
7.67,4.46,0.0,1.5,3.72,10.0,15.34,374.0,20.0,1.96,0.43,13.68,0.496941176
5.33,5.5025,6.25,3.5,2.055,3.75,42.64,1541.0,30.0,5.53,1.11,14.58,1.4
3.655,4.5075,7.5,2.0,3.61,2.5,14.62,1194.0,10.0,6.83,0.77,49.89,2.151666667
3.192,6.724,6.0,2.8,1.688,4.0,15.96,1161.0,20.0,8.65,2.17,6.81,3.0
5.538,5.284,9.6,2.8,2.48,0.4,27.69,1519.0,2.0,1.87,1.26,1.23,1.75
3.9084,5.3724,8.88,2.96,2.464,1.12,97.71,8061.0,28.0,4.62,1.44,18.15,1.99
4.101,5.236,6.9,2.8,2.552,3.1,41.01,2822.0,31.0,5.24,1.44,3.74,1.11
2.22,7.103333333,9.666666667,3.0,1.066666667,0.333333333,6.66,917.0,1.0,6.66,2.57,5.24,3.41
6.473333333,4.81,7.666666667,4.666666667,3.593333333,2.333333333,19.42,954.0,7.0,4.11,0.87,,0.2
4.18,4.473333333,7.666666667,4.333333333,3.926666667,2.333333333,12.54,1055.0,7.0,7.08,0.78,15.53,0.35
4.263333333,4.77,7.666666667,4.666666667,3.593333333,2.333333333,12.79,1019.0,7.0,7.08,1.05,15.53,0.4
7.426666667,4.5,1.0,4.333333333,3.926666667,9.0,22.28,949.0,27.0,2.21,0.44,3.68,0.185
5.886666667,4.783333333,4.333333333,4.666666667,3.593333333,5.666666667,17.66,966.0,17.0,6.83,1.05,,0.305
7.163611111,4.766388889,1.041666667,5.041666667,3.3125,8.958333333,20.6312,795.36,25.8,2.66,0.64,1.3,0.2
4.118,4.818,8.0,4.4,3.512,2.0,20.59,1631.0,10.0,5.12,1.2,15.18,1.0
6.856666667,4.423333333,1.666666667,3.666666667,3.926666667,8.333333333,20.57,921.0,25.0,0.5,0.59,2.97,0.15
3.95,3.883333333,8.333333333,3.0,4.593333333,1.666666667,11.85,1301.0,5.0,4.86,0.58,33.65,1.3
4.645571429,5.370733143,6.811071429,3.343571429,2.285714286,3.188928571,130.076,6949.04,89.29,7.88,1.7,,1.0
2.452666667,5.336666667,9.333333333,3.133333333,2.296,0.666666667,36.79,3952.0,10.0,7.14,1.7,,2.4
6.436923077,6.2339,1.538461538,3.230769231,1.178461538,8.461538462,83.68,1197.0,110.0,11.63,1.48,5.73,2.56
6.615333333,6.619426667,6.0,2.0,2.842666667,4.0,99.23,2477.0,60.0,11.63,1.7,0.575,1.63
4.695,5.12,7.857142857,3.0,2.285714286,2.142857143,65.73,3028.0,30.0,5.57,1.52,6.86,1.92
5.447777778,5.613755556,9.666666667,3.444444444,2.333333333,0.333333333,98.06,5076.0,6.0,14.78,1.52,30.94,2.29
2.109047619,6.837619048,8.571428571,3.142857143,1.11047619,1.428571429,44.29,4447.0,30.0,7.13,2.83,7.1,4.3
5.482142857,5.003571429,3.571428571,2.857142857,2.46,6.428571429,76.75,2996.0,90.0,5.26,1.29,34.85,1.07
5.08,5.175714286,7.142857143,2.857142857,2.46,2.857142857,71.12,3011.0,40.0,5.44,1.52,5.23,2.12
4.358092784,5.091649485,10.0,2.608247423,2.130515464,0.0,845.47,40757.0,0.0,5.9,2.03,4.6,2.74
4.774705882,5.224705882,9.529411765,3.411764706,2.235294118,0.470588235,81.17,4488.0,8.0,6.7,1.52,,1.35
3.075,4.5725,7.5,1.5,1.5,2.5,12.3,499.0,10.0,4.82,1.09,17.78,1.6
4.525714286,5.475714286,2.142857143,3.857142857,0.642857143,7.857142857,63.36,1724.0,110.0,4.82,1.48,17.78,1.89
1.836,6.341333333,8.0,3.6,1.0,2.0,27.54,2148.0,30.0,7.31,3.44,6.77,2.96
5.100689655,5.115862069,7.24137931,2.689655172,2.328275862,2.75862069,147.92,6269.0,80.0,5.44,1.52,34.85,2.2
5.447777778,5.613755556,9.666666667,3.444444444,2.333333333,0.333333333,196.12,10152.0,12.0,14.78,1.52,30.94,2.38
3.811818182,5.269945455,9.545454545,3.090909091,2.0,0.454545455,83.86,4586.0,10.0,7.93,1.52,,1.85
4.972857143,4.978571429,7.142857143,2.285714286,2.982857143,2.857142857,34.81,1786.0,20.0,8.63,1.7,25.98,2.7
8.121111111,4.444444444,1.111111111,1.444444444,3.8,8.888888889,73.09,2090.0,80.0,8.63,1.29,15.4,0.65
0.987777778,6.675555556,10.0,2.666666667,1.111111111,0.0,8.89,3043.0,0.0,2.34,2.83,49.98,7.42
2.495,5.42,10.0,3.0,0.5,0.0,4.99,191.0,0.0,1.25,1.77,3.2,6.99
4.127727273,5.052727273,8.181818182,2.454545455,2.725454545,1.818181818,90.81,5305.0,40.0,6.78,1.7,4.47,3.09
6.722727273,4.842727273,0.454545455,2.454545455,2.725454545,9.545454545,147.9,4106.0,210.0,6.78,1.29,15.4,1.42
4.532857143,4.924285714,7.142857143,2.285714286,2.982857143,2.857142857,31.73,1894.0,20.0,7.09,1.7,25.98,2.3
4.06125,5.18625,6.25,2.875,2.555,3.75,32.49,2057.0,30.0,7.09,1.7,18.15,1.7
5.406666667,5.187816667,8.333333333,2.5,2.406666667,1.666666667,32.44,1208.0,10.0,7.2,1.52,,2.595
4.47,5.277066667,8.666666667,3.5,2.63,1.333333333,26.82,1768.0,8.0,7.97,1.7,16.88,1.34
6.500909091,4.737272727,1.363636364,3.363636364,2.969090909,8.636363636,143.02,4782.0,190.0,5.56,1.29,15.4,1.48
6.4553125,5.507871875,8.75,3.125,2.555,1.25,206.57,6701.0,40.0,7.45,1.52,14.75,2.16
4.893333333,4.838333333,8.166666667,2.333333333,2.406666667,1.833333333,29.36,1295.0,11.0,6.78,1.52,,2.56
5.106666667,5.17515,9.166666667,3.666666667,2.463333333,0.833333333,30.64,1193.0,5.0,5.56,1.52,9.96,1.595
5.998064516,5.059032258,5.698924731,2.634408602,2.769892473,4.301075269,27.891,1120.8,20.0,4.17,0.8,,1.19
5.27,4.90375,5.0,2.25,3.415,5.0,42.16,2206.0,40.0,6.89,1.04,11.33,1.385
4.1575,4.79125,7.5,2.5,3.11,2.5,33.26,2317.0,20.0,7.22,1.17,35.22,2.36
3.78375,4.735,7.5,2.5,3.11,2.5,30.27,2392.0,20.0,7.22,1.17,48.83,3.2
7.57,4.36,3.333333333,1.333333333,4.293333333,6.666666667,22.71,903.0,20.0,4.17,0.8,6.36,1.284
6.6,4.865,5.0,2.333333333,3.48,5.0,39.6,1659.0,30.0,4.17,0.8,,0.765
5.8175,4.7875,6.25,2.25,3.415,3.75,46.54,2167.0,30.0,6.63,0.85,43.86,2.33
6.44,4.8375,5.0,2.25,3.415,5.0,51.52,2017.0,40.0,4.17,0.85,6.36,1.44
5.855714286,4.806314286,5.571428571,1.857142857,3.617142857,4.428571429,40.99,2249.0,31.0,6.89,1.39,11.33,1.62
7.642857143,4.6306,1.285714286,1.857142857,3.617142857,8.714285714,53.5,2003.0,61.0,2.72,0.98,7.44,0.52
7.771428571,4.687757143,1.428571429,1.857142857,3.617142857,8.571428571,54.4,1906.0,60.0,2.72,0.98,5.29,0.26
6.59125,4.8775,5.0,2.375,3.415,5.0,52.73,2184.0,40.0,4.17,0.8,13.18,0.355
5.801428571,4.775071429,5.714285714,2.571428571,3.588571429,4.285714286,40.61,2058.0,30.0,6.89,1.44,11.33,1.82
4.943478261,7.428517391,8.195652174,3.326086957,1.786956522,1.804347826,227.4,17762.0,83.0,16.6,2.36,,2.58
6.035,4.515,2.5,2.25,3.11,7.5,24.14,1058.0,30.0,6.26,0.57,6.7,2.06
4.48,5.25,5.0,2.5,2.72,5.0,8.96,459.0,10.0,8.96,1.31,9.82,3.255557143
6.835,4.6775,2.5,2.25,3.22,7.5,27.34,1018.0,30.0,3.06,0.57,11.9,1.09
4.742307692,5.014615385,5.384615385,2.461538462,2.972307692,4.615384615,30.825,1800.5,30.0,6.89,0.98,11.33,1.43
7.1875,4.6925,0.0,2.25,3.22,10.0,28.75,975.0,40.0,2.72,0.57,14.23,0.916
2.889166667,6.76,8.166666667,3.666666667,1.703333333,1.833333333,34.67,4508.0,22.0,8.96,2.41,26.18,1.47
3.42,7.17056,10.0,2.4,1.2,0.0,17.1,1329.0,0.0,8.55,2.53,10.84,5.0
3.810434783,5.479495652,10.0,2.652173913,2.47826087,0.0,43.82,3441.0,0.0,6.48,1.4,,2.22
7.14,5.2707,10.0,1.5,3.0,0.0,14.28,593.0,0.0,2.82,1.02,16.64,1.0
2.096,7.02204,10.0,5.2,0.8,0.0,10.48,1103.0,0.0,5.24,2.56,8.99,4.5
4.18,4.811144444,7.777777778,3.888888889,2.764444444,2.222222222,37.62,2280.0,20.0,5.49,1.16,8.55,0.452
5.876363636,5.280036364,3.636363636,5.090909091,2.0,6.363636364,64.64,2091.0,70.0,1.0,1.02,8.28,0.31
5.171428571,5.197157143,10.0,3.571428571,2.411428571,0.0,36.2,1658.0,0.0,1.11,1.25,3.62,2.16
6.0,5.0143,4.285714286,3.571428571,2.411428571,5.714285714,42.0,1538.0,40.0,1.0,1.02,11.9,1.7
5.574285714,5.2143,7.142857143,3.571428571,2.411428571,2.857142857,39.02,1572.0,20.0,2.52,1.25,5.95,1.31
11.88545455,5.614372727,5.636363636,4.090909091,4.363636364,4.363636364,130.74,4832.0,48.0,17.16,0.75,33.68,0.26
1.156,5.95202,10.0,2.2,0.6,0.0,5.78,993.0,0.0,5.24,1.33,8.62,1.5
1.306666667,7.042222222,9.333333333,3.888888889,1.308888889,0.666666667,23.52,5342.0,12.0,7.86,2.22,,3.52
1.005,7.392391304,8.826086957,3.260869565,0.502608696,1.173913043,46.23,11239.0,54.0,7.86,2.22,13.58,2.3
5.22,4.813333333,8.0,4.333333333,3.593333333,2.0,15.66,999.0,6.0,5.79,1.09,,0.23
5.906666667,5.093333333,1.333333333,5.333333333,1.926666667,8.666666667,17.72,632.0,26.0,2.93,0.87,5.98,5.15
4.173333333,3.933333333,8.0,3.333333333,4.593333333,2.0,12.52,1322.0,6.0,5.53,0.47,36.75,0.916
5.855,4.7455,5.25,2.0,3.22,4.75,11.71,370.15,9.5,5.31,0.85,,2.4
2.58,4.305,10.0,2.0,3.044,0.0,5.16,633.0,0.0,4.08,0.67,10.13,2.43
6.379,4.694,6.0,2.0,3.22,4.0,12.758,553.6,8.0,1.58,0.59,24.44,0.5
5.33,4.698,6.5,2.0,3.22,3.5,10.66,430.9,7.0,5.31,0.85,6.66,2.15
2.9,4.37,10.0,2.0,3.088,0.0,5.8,625.0,0.0,4.08,0.67,,2.4
5.255,4.55625,10.0,2.0,3.143,0.0,10.51,602.0,0.0,3.2,0.56,,2.0
6.097,4.682,8.0,2.0,3.22,2.0,12.194,570.8,4.0,1.58,0.59,24.44,0.81
5.85125,4.69125,8.75,2.0,3.22,1.25,11.7025,530.5,2.5,2.34,0.85,22.11,1.51
5.83675,4.68275,9.25,2.0,3.22,0.75,11.6735,553.5,1.5,2.34,0.85,22.11,1.47
6.334,4.586,4.5,2.0,3.22,5.5,12.668,526.0,11.0,1.23,0.62,14.28,1.0
6.292351473,4.586345482,5.012481278,2.001997004,3.218392411,4.987518722,12.60358,548.705,9.99,1.9,0.75,14.28,0.705
6.281836228,4.591687345,5.062034739,2.009925558,3.212009926,4.937965261,12.6579,551.525,9.95,1.9,0.75,14.28,0.64
6.272790698,4.625348837,4.88372093,2.093023256,3.145116279,5.11627907,13.4865,578.75,11.0,0.79,0.52,14.28,0.68
1.943636364,7.131818182,10.0,3.454545455,0.989090909,0.0,21.38,2769.0,0.0,5.9,2.06,6.47,4.61
6.271,4.58925,5.25,2.0,3.22,4.75,12.542,550.0,9.5,0.96,0.55,,1.28
6.199,4.602,6.0,2.0,3.22,4.0,12.398,556.0,8.0,0.96,0.55,,1.02
5.79545,4.66895,10.0,2.0,3.22,0.0,11.5909,588.13,0.0,4.08,0.66,27.04,1.37
5.6195,4.6595,10.0,2.0,3.22,0.0,11.239,589.3,0.0,4.08,0.66,,1.5
6.07,4.805,5.0,2.5,2.72,5.0,12.14,483.0,10.0,0.34,0.52,11.9,1.670076923
6.44722,5.7292066,9.6,2.8,2.4,0.4,64.4722,3015.77,4.0,5.05,1.21,11.91,1.56
1.968333333,7.22285,8.25,3.333333333,1.0,1.75,23.62,3487.0,21.0,7.9,2.52,49.98,3.48
3.42,5.14684,9.6,2.8,2.4,0.4,17.1,1613.0,2.0,5.83,1.39,12.38,2.1
2.928,4.28,10.0,2.0,4.0,0.0,2.928,437.0,0.0,2.99,0.06,13.61,1.1
5.0808,4.604,10.0,2.0,4.0,0.0,5.0808,383.0,0.0,2.99,0.06,13.61,0.72
5.06,5.5,3.333333333,4.0,1.333333333,6.666666667,15.18,591.0,20.0,0.39,0.46,29.12,1.5
3.153333333,5.446666667,10.0,3.333333333,2.666666667,0.0,9.46,935.0,0.0,3.25,0.68,35.22,3.56875
3.825,4.415,10.0,2.0,4.0,0.0,7.65,829.0,0.0,2.99,0.06,13.61,0.88
6.315,4.615,5.0,2.0,4.0,5.0,12.63,679.0,10.0,1.99,0.11,29.91,0.8
5.933333333,5.173333333,3.333333333,3.333333333,2.666666667,6.666666667,17.8,771.0,20.0,0.92,0.27,,0.3
1.544848485,7.690327273,7.909090909,3.787878788,0.175151515,2.090909091,50.98,7495.0,69.0,21.4,2.13,19.38,2.26
4.8775,5.9801,9.5,3.5,2.5,0.5,19.51,1456.0,2.0,11.23,1.29,22.34,2.916666667
6.71685,4.6174845,0.0,2.0,3.22,10.0,13.4337,327.3,20.0,7.26,0.62,15.195,2.235
7.205,5.27269,5.0,2.0,3.22,5.0,14.41,328.8,10.0,8.71,0.86,4.395,0.45
7.9325,5.921725,5.0,2.0,3.22,5.0,15.865,313.5,10.0,8.71,0.86,,0.8
7.62,6.698966667,3.333333333,3.0,2.146666667,6.666666667,45.72,740.0,40.0,10.38,1.02,15.195,2.06
4.832,6.666553333,5.333333333,3.6,1.554666667,4.666666667,72.48,1959.0,70.0,13.5,1.28,15.195,2.8
8.53,6.4516,1.818181818,2.363636364,2.563636364,8.181818182,93.83,1388.0,90.0,8.57,0.82,25.405,1.45
8.378181818,6.8995,2.727272727,2.363636364,2.654545455,7.272727273,92.16,1486.0,80.0,11.43,0.95,25.98,1.57
5.720357143,6.787914286,6.071428571,3.071428571,2.018571429,3.928571429,160.17,3890.0,110.0,13.5,1.28,25.405,2.43
3.204,7.36469,8.0,3.2,1.388,2.0,32.04,2347.0,20.0,13.5,2.11,12.83,3.25
4.306,6.15138,8.0,3.0,2.688,2.0,21.53,1213.0,10.0,11.68,0.95,,2.6
4.15875,5.614825,10.0,3.0,2.5,0.0,33.27,2374.0,0.0,6.73,1.39,35.22,2.5
4.762,5.71572,10.0,2.8,2.4,0.0,23.81,1439.0,0.0,6.73,1.39,10.48,0.5
4.315,5.33043,7.0,2.8,2.532,3.0,43.15,2704.0,30.0,6.73,1.39,10.48,1.23
4.126,4.5785,9.5,2.0,3.22,0.5,8.252,595.4,1.0,5.49,0.7,27.04,2.25
5.69,4.6625,9.5,2.0,3.22,0.5,11.38,585.0,1.0,5.49,0.7,27.04,1.6
2.9515,4.3465,8.5,2.0,3.066,1.5,5.903,616.1,3.0,5.49,0.7,10.13,2.3
5.44,4.6475,8.5,2.0,3.22,1.5,10.88,579.0,3.0,5.49,0.7,27.04,1.67
3.4125,4.4175,7.5,2.0,3.11,2.5,6.825,599.5,5.0,5.49,0.7,10.13,2.35
3.8735,4.4885,6.5,2.0,3.154,3.5,7.747,582.9,7.0,5.49,0.7,,1.9
6.58475,4.6986,4.65,2.0,3.22,5.35,13.1695,528.48,10.7,2.92,0.66,24.44,0.68
6.56625,4.699,4.75,2.0,3.22,5.25,13.1325,533.2,10.5,2.92,0.66,24.44,0.68
2.924,6.714,6.0,2.8,1.376,4.0,14.62,1233.0,20.0,7.31,2.1,3.04,2.8
5.935454545,5.064545455,5.454545455,2.636363636,2.654545455,4.545454545,65.29,2577.0,50.0,2.52,0.79,3.43,0.14
6.13625,5.4172,6.25,3.5,2.18,3.75,49.09,1677.0,30.0,6.63,1.04,8.04,1.21
4.301428571,5.312857143,8.571428571,3.285714286,2.491428571,1.428571429,30.11,1781.0,10.0,5.49,0.79,,1.29
6.664,4.6745,3.5,2.0,3.22,6.5,13.328,533.0,13.0,1.58,0.59,24.44,0.11
6.856,4.6405,1.5,2.0,3.22,8.5,13.712,517.0,17.0,1.58,0.59,24.44,0.16
6.904,4.632,1.0,2.0,3.22,9.0,13.808,513.0,18.0,1.58,0.59,,0.21
6.9952,4.61585,0.05,2.0,3.22,9.95,13.9904,505.4,19.9,1.58,0.59,,0.35
4.01125,5.505,6.25,3.5,2.18,3.75,32.09,1995.0,30.0,5.24,1.04,18.15,1.8
6.363333333,4.918333333,5.0,2.5,3.24,5.0,38.18,1678.0,30.0,2.52,0.79,24.44,0.2
10.66,6.318166667,7.666666667,5.0,3.26,2.333333333,31.98,1119.0,7.0,17.61,0.88,,0.95
4.309450549,4.890768893,6.61876585,2.733727811,2.406187658,3.38123415,50.9808,2492.85,40.0,8.89,1.65,9.58,1.37
5.240833333,4.723333333,6.666666667,2.416666667,2.48,3.333333333,62.89,2555.0,40.0,9.64,1.47,8.97,1.64
5.613333333,5.48485,6.666666667,2.5,2.74,3.333333333,67.36,3190.0,40.0,18.44,1.65,10.83,2.3
3.994444444,4.526666667,6.666666667,2.0,2.591111111,3.333333333,35.95,1632.0,30.0,7.79,1.65,,2.75
5.847777778,4.344444444,2.222222222,2.0,2.591111111,7.777777778,52.63,1304.0,70.0,7.79,1.24,15.16,2.26
1.908235294,6.437811765,9.647058824,2.823529412,1.176470588,0.352941176,32.44,4662.0,6.0,8.55,2.78,15.23,3.38
6.508711111,5.939266667,6.666666667,2.0,2.591111111,3.333333333,58.5784,1324.56,30.0,12.64,1.65,4.97,2.11
1.625882353,6.337647059,9.529411765,2.941176471,1.176470588,0.470588235,27.64,4926.0,8.0,6.15,2.78,15.23,3.05
4.4525,4.56875,8.125,3.125,2.4725,1.875,35.62,1671.0,15.0,6.57,1.47,9.72,1.7
3.41,5.006,10.0,3.2,2.0,0.0,34.1,2172.0,0.0,3.93,1.47,6.03,2.08
3.289090909,4.972763636,9.090909091,2.909090909,2.221818182,0.909090909,36.18,2804.0,10.0,10.54,1.65,35.22,2.85
4.74,5.151538462,9.230769231,3.230769231,2.136923077,0.769230769,61.62,2828.0,10.0,11.14,1.47,,1.48
1.893333333,6.433666667,9.583333333,1.333333333,0.648333333,0.416666667,22.72,2912.0,5.0,21.0,1.43,32.61,5.71
1.263333333,3.81,10.0,2.0,1.333333333,0.0,3.79,459.0,0.0,1.21,1.65,0.61,2.1
4.746363636,4.824545455,7.272727273,2.727272727,2.403636364,2.727272727,52.21,2277.0,30.0,6.45,1.47,4.99,1.71
2.363,4.9995,9.5,3.5,2.378,0.5,47.26,5357.0,10.0,6.33,1.65,16.24,1.35
4.49,4.403786667,7.733333333,2.333333333,2.754666667,2.266666667,67.35,4389.0,34.0,10.84,1.65,14.38,2.49
4.253333333,4.717333333,8.0,2.8,2.133333333,2.0,63.8,3101.0,30.0,6.45,1.47,,2.2
5.156551724,4.69,5.517241379,2.206896552,3.067586207,4.482758621,149.54,7312.0,130.0,9.64,1.65,18.15,2.0
5.257142857,5.281485714,9.714285714,3.142857143,2.095238095,0.285714286,110.4,5395.0,6.0,12.44,1.47,21.73,2.02
3.883636364,5.025454545,9.090909091,3.090909091,2.161212121,0.909090909,128.16,7382.0,30.0,6.45,1.47,6.03,2.2
4.767692308,4.656538462,7.307692308,2.461538462,2.375384615,2.692307692,123.96,4845.0,70.0,7.79,1.47,4.7,2.33
4.828571429,4.744285714,7.142857143,2.285714286,2.982857143,2.857142857,33.8,1797.0,20.0,9.64,1.65,,2.25
3.995,4.85625,7.5,2.5,2.86,2.5,31.96,2089.0,20.0,9.64,1.65,10.64,3.02
2.215555556,7.496061111,7.222222222,3.833333333,0.357777778,2.777777778,39.88,3872.0,50.0,19.3,2.78,12.33,2.75
4.495555556,5.1696,6.666666667,3.333333333,2.222222222,3.333333333,40.46,2106.0,30.0,8.89,1.65,9.58,1.21
5.0475,4.7847,7.5,3.0,2.0,2.5,20.19,751.0,10.0,8.89,1.47,8.97,0.66
1.99,4.6,10.0,3.0,0.5,0.0,3.98,202.0,0.0,2.26,1.72,2.96,7.6
0.43,4.815,10.0,3.0,0.5,0.0,0.86,211.0,0.0,0.86,1.98,0.9,8.5
5.071,4.6,6.0,2.0,3.376,4.0,50.71,2860.0,40.0,8.1,1.65,25.98,1.9
2.925555556,6.256533333,7.555555556,4.0,1.728888889,2.444444444,26.33,2378.0,22.0,9.75,2.78,13.58,1.76
4.747142857,4.941428571,8.571428571,2.857142857,2.348571429,1.428571429,33.23,1586.0,10.0,6.45,1.47,4.7,1.73
3.11,5.008571429,8.571428571,2.857142857,2.348571429,1.428571429,21.77,1826.0,10.0,6.45,1.65,,3.1
2.065,6.812,7.0,3.4,0.844,3.0,20.65,2221.0,30.0,7.31,2.78,17.27,4.0
1.728181818,6.945454545,9.636363636,3.727272727,0.909090909,0.363636364,19.01,3013.0,4.0,8.57,2.78,,4.0
0.974166667,7.204166667,9.166666667,3.666666667,0.666666667,0.833333333,11.69,2902.0,10.0,6.69,2.78,19.65,4.64
4.1425,4.955125,8.75,3.625,2.505,1.25,33.14,1958.0,10.0,8.1,1.65,11.33,2.17
3.507777778,7.435077778,8.388888889,3.666666667,1.111111111,1.611111111,63.14,5818.0,29.0,16.6,2.78,31.38,4.06
0.9025,6.5925,9.75,3.25,1.0,0.25,7.22,2120.0,2.0,4.54,2.78,,3.67
5.1424,5.3684,9.6,2.8,2.32,0.4,128.56,7657.0,10.0,6.15,2.58,,2.04
2.478787879,6.946161616,9.191919192,3.555555556,1.306666667,0.808080808,245.4,32527.0,80.0,10.2,2.58,31.78,2.4
3.755942377,5.362076831,8.55942377,3.040816327,2.417190876,1.44057623,31.287,2597.38,12.0,4.62,1.45,18.15,1.76
2.8125,6.805,9.125,3.375,1.4725,0.875,22.5,2749.0,7.0,10.2,2.58,31.78,0.745
4.286666667,5.327877778,8.666666667,2.888888889,2.604444444,1.333333333,38.58,2731.0,12.0,6.89,1.45,11.33,1.45
3.731304348,5.309565217,8.869565217,2.869565217,2.473043478,1.130434783,42.91,3653.5,13.0,5.24,1.45,35.22,2.61
4.988323036,5.270962048,9.443954104,3.0,2.47043248,0.556045896,56.5177,3396.46,6.3,4.36,1.27,44.35,1.75
3.7452,5.3564,8.88,2.96,2.4,1.12,93.63,8093.0,28.0,4.62,1.45,,2.3
1.251666667,6.725,9.916666667,2.833333333,1.166666667,0.083333333,15.02,4209.0,1.0,6.15,2.58,49.98,5.65
2.41,6.76,9.8,2.8,1.288,0.2,12.05,1456.0,1.0,6.15,2.58,5.98,4.4
2.944,6.03,9.0,3.0,2.8,1.0,14.72,2344.0,5.0,8.57,2.58,,1.7
3.985,4.74,9.5,2.0,3.0,0.5,7.97,738.0,1.0,4.33,1.18,,0.54
3.556933333,5.402466667,9.666666667,3.0,2.333333333,0.333333333,10.6708,973.72,1.0,4.08,1.45,,2.5
2.8175,4.7375,9.25,3.25,2.4725,0.75,22.54,2233.0,6.0,7.32,1.55,35.22,1.42
4.975,4.831725,7.5,1.0,2.61,2.5,19.9,760.0,10.0,12.96,0.87,34.645,0.93
3.14875,5.2846125,8.75,2.5,2.305,1.25,25.19,1951.0,10.0,12.96,1.55,48.83,2.68
3.77125,5.3346125,7.5,2.5,2.305,2.5,30.17,1801.0,20.0,12.96,1.55,5.31,2.32
3.04,4.967272727,8.181818182,2.727272727,2.261818182,1.818181818,33.44,2859.0,20.0,6.77,1.55,,3.45
2.768181818,4.926363636,8.181818182,2.727272727,2.261818182,1.818181818,30.45,2934.0,20.0,6.77,1.55,48.83,3.61
4.335,4.7275,7.5,2.5,2.305,2.5,34.68,1663.0,20.0,6.77,1.37,4.32,1.87
2.8425,3.6222,7.5,1.5,1.5,2.5,11.37,690.0,10.0,9.21,0.89,8.3,0.7
0.776666667,6.396666667,10.0,2.666666667,1.0,0.0,4.66,1704.0,0.0,2.25,2.83,,6.19
0.27,6.655,10.0,3.0,0.5,0.0,0.54,240.0,0.0,0.54,3.29,2.74,11.7
4.005,4.7275,10.0,2.5,2.11,0.0,16.02,901.0,0.0,5.36,1.37,3.69,3.346666667
1.531666667,7.311666667,7.222222222,3.888888889,0.246666667,2.777777778,27.57,3820.0,50.0,7.31,2.68,7.6,4.27
0.608333333,6.123333333,10.0,2.666666667,1.0,0.0,3.65,1715.0,0.0,2.25,2.78,104.78,6.32
0.76,4.356666667,10.0,2.0,2.0,0.0,2.28,782.0,0.0,1.74,2.18,8.59,3.2
1.822,6.366,9.2,3.4,1.2,0.8,9.11,1634.0,4.0,8.57,2.68,,4.066666667
4.2025,4.935,7.5,3.0,2.0,2.5,16.81,877.0,10.0,6.15,1.37,16.87,0.68
3.428,6.98076,9.4,3.2,1.2,0.6,17.14,1690.0,3.0,16.6,2.68,31.38,4.1
1.936666667,3.376666667,10.0,2.0,2.666666667,0.0,5.81,748.0,0.0,0.59,0.55,41.6,2.27
1.044,4.534,10.0,2.4,2.4,0.0,5.22,1390.0,0.0,1.74,1.8,,2.8
1.772,3.766,10.0,2.4,2.4,0.0,8.86,1074.0,0.0,0.08,0.9,,1.4
3.72,3.782,6.0,2.4,2.4,4.0,18.6,968.0,20.0,4.95,0.56,10.92,0.81
0.873333333,6.337222222,10.0,3.0,1.055555556,0.0,15.72,4779.0,0.0,2.34,2.91,49.98,5.63
0.58,7.716666667,10.0,4.0,0.666666667,0.0,1.74,306.0,0.0,1.74,2.91,8.69,11.1
6.11,4.55,7.5,4.5,3.89,2.5,12.22,508.0,5.0,2.64,0.95,5.36,2.5
2.38,4.69875,10.0,2.75,2.0,0.0,19.04,1891.0,0.0,4.35,1.54,35.22,3.7
3.98875,4.6475,8.75,2.75,2.0,1.25,31.91,1608.0,10.0,6.34,1.36,,2.46
3.042727273,4.828181818,9.090909091,2.727272727,2.261818182,0.909090909,33.47,2766.0,10.0,6.34,1.54,5.31,2.245
4.058888889,4.795555556,10.0,2.888888889,2.222222222,0.0,36.53,2107.0,0.0,4.35,1.36,34.34,2.38
1.909655172,6.936206897,9.448275862,3.793103448,1.034482759,0.551724138,55.38,8761.0,16.0,8.57,2.67,,3.56
1.336666667,3.643333333,10.0,2.0,1.333333333,0.0,4.01,497.0,0.0,1.1,1.54,0.88,2.4
2.398333333,4.678333333,8.333333333,3.0,1.666666667,1.666666667,14.39,1252.0,10.0,5.27,1.54,,2.35
1.456666667,5.721111111,9.444444444,3.222222222,0.975555556,0.555555556,13.11,2102.0,5.0,10.2,2.67,31.78,4.69
2.4,3.155,7.5,1.5,1.5,2.5,9.6,589.0,10.0,5.72,0.93,17.27,1.09
1.460833333,7.015,8.333333333,3.5,0.916666667,1.666666667,17.53,1526.0,20.0,7.31,3.28,,3.88
2.059615385,6.382084615,9.192307692,3.461538462,1.196923077,0.807692308,53.55,7559.0,21.0,10.2,2.67,31.78,3.376
1.010625,6.58375,10.0,2.75,1.125,0.0,16.17,5395.0,0.0,3.5,2.67,49.98,4.78
5.075,4.7222,7.5,3.0,2.0,2.5,20.3,770.0,10.0,8.78,1.36,8.7,0.316666667
0.485,6.315,10.0,3.0,0.5,0.0,0.97,188.0,0.0,0.97,3.28,,10.5
1.555555556,7.273888889,7.222222222,3.888888889,0.246666667,2.777777778,28.0,3768.0,50.0,7.31,2.67,7.6,4.25
2.076,6.787,7.0,3.4,0.844,3.0,20.76,2240.0,30.0,7.31,2.67,17.27,4.0
1.738181818,6.922727273,9.636363636,3.727272727,0.909090909,0.363636364,19.12,3032.0,4.0,8.57,2.67,26.18,3.725
0.9575,8.51,8.75,4.25,0.5,1.25,7.66,845.0,10.0,6.69,3.28,19.61,3.76
2.4,5.35609,10.0,3.5,2.1,0.0,24.0,2565.0,0.0,6.0,1.54,7.0,1.85
12.76,5.174833333,3.0,4.333333333,4.926666667,7.0,38.28,1693.0,21.0,15.09,0.49,19.37,0.28
5.4824,5.4484,10.0,4.0,2.36,0.0,137.06,6707.0,0.0,7.0,2.59,6.92,1.98
4.042,5.398,10.0,4.0,2.44,0.0,20.21,1493.0,0.0,4.93,1.46,5.42,2.65
5.55,5.5475,5.0,3.0,2.635,5.0,22.2,1112.0,20.0,8.96,2.59,17.27,2.26
2.457142857,7.405714286,9.285714286,4.285714286,1.268571429,0.714285714,17.2,2061.0,5.0,10.2,3.2,31.78,3.66
4.135,5.251,7.0,3.1,2.542,3.0,41.35,2731.0,30.0,5.24,1.46,,1.15
3.122,6.481,7.1,4.4,2.0,2.9,31.22,3111.0,29.0,8.9,2.35,20.68,1.92
2.809230769,6.956923077,6.461538462,4.615384615,1.350769231,3.538461538,36.52,3443.0,46.0,8.9,2.15,,3.84
7.57,4.51,1.0,6.0,3.89,9.0,15.14,627.0,18.0,2.66,0.61,0.02,0.23
11.35333333,5.857833333,8.0,4.0,3.926666667,2.0,34.06,1395.0,6.0,16.87,0.72,4.1,0.91
11.84333333,5.891166667,1.333333333,4.333333333,3.593333333,8.666666667,35.53,1250.0,26.0,16.36,0.69,14.31,0.05
6.79545,5.015752,0.0,3.0,2.9922,10.0,13.5909,497.94,20.0,5.16,0.38,12.691,0.28
7.7254,5.184344,3.6,3.0,2.4384,6.4,15.4508,444.28,12.8,6.61,0.61,12.691,0.12
7.82915,5.240424,5.0,3.0,2.3214,5.0,15.6583,436.78,10.0,6.61,0.61,2.231,0.02
7.632,5.20816,5.0,3.0,2.376,5.0,15.264,453.2,10.0,6.61,0.55,32.141,0.36
8.411,5.07516,0.0,3.0,2.376,10.0,16.822,414.2,20.0,5.16,0.38,12.691,0.095
8.67685,5.072336,0.0,2.965,2.255,10.0,17.3537,396.29,20.0,5.16,0.56,,0.32
8.56375,5.09794,0.5,3.0,2.259,9.5,17.1275,406.15,19.0,9.33,0.73,35.22,0.4
8.03365,5.247944,5.0,3.0,2.2434,5.0,16.0673,426.18,10.0,6.61,0.61,,0.25
8.82125,5.0900035,0.0,2.9975,2.2225,10.0,17.6425,392.93,20.0,5.66,0.49,13.348,0.48
8.81725,5.0899148,0.005,2.9995,2.2205,9.995,17.6345,393.09,19.99,5.5,0.52,12.691,0.3
8.7896,5.089698,0.05,3.0,2.2278,9.95,17.5792,394.81,19.9,6.08,0.32,,0.32
7.791,5.24518,5.5,3.0,2.298,4.5,15.582,441.1,9.0,6.61,0.55,32.141,0.3
7.8905,5.24268,5.0,3.0,2.298,5.0,15.781,433.6,10.0,6.61,0.61,,0.24
5.083333333,6.422377778,6.111111111,3.222222222,1.115555556,3.888888889,183.0,8048.0,140.0,11.4,1.86,49.98,2.62
2.203333333,6.9984,8.333333333,3.0,0.906666667,1.666666667,26.44,2952.0,20.0,11.4,1.86,,3.97
2.324285714,7.090742857,8.964285714,3.75,1.067142857,1.035714286,65.08,7551.0,29.0,11.4,2.35,20.68,3.14
4.885714286,6.814457143,5.714285714,3.142857143,1.045714286,4.285714286,34.2,1584.0,30.0,11.4,1.86,4.579,2.12
6.268181818,5.162345455,8.181818182,2.863636364,2.498181818,1.818181818,137.9,5315.0,40.0,6.61,0.75,32.141,1.91
3.1104,6.800496,7.6,2.8,1.0656,2.4,77.76,7141.0,60.0,11.4,1.86,49.98,3.24
3.8,7.160133333,6.666666667,3.333333333,0.813333333,3.333333333,11.4,694.0,10.0,11.4,1.86,,1.61
8.095,5.2502,5.0,3.0,2.22,5.0,16.19,423.0,10.0,6.61,0.55,1.891,0.239916667
7.415,5.2727,5.0,3.0,2.22,5.0,14.83,449.0,10.0,9.33,0.73,4.97,0.325
2.428888889,7.318888889,6.666666667,3.777777778,0.642222222,3.333333333,21.86,2086.0,30.0,12.0,2.01,17.38,1.31
5.3904,5.4164,10.0,3.6,2.36,0.0,134.76,6987.0,0.0,6.77,2.56,6.67,1.89
5.246363636,5.352727273,10.0,3.454545455,2.563636364,0.0,57.71,3055.0,0.0,1.98,1.25,30.25,1.32
5.582,5.312,10.0,3.6,2.44,0.0,27.91,1393.0,0.0,1.98,1.25,0.2,1.85
4.424444444,5.354544444,8.888888889,3.333333333,2.626666667,1.111111111,39.82,2597.0,10.0,6.89,1.43,11.33,1.25
6.25,4.905,10.0,3.0,3.05,0.0,12.5,658.0,0.0,1.04,1.05,20.81,1.0
4.112,5.243,7.0,3.0,2.542,3.0,41.12,2759.0,30.0,5.24,1.43,5.17,1.14
6.416666667,5.173333333,3.333333333,3.666666667,2.366666667,6.666666667,19.25,750.0,20.0,0.53,1.02,,1.154
8.383164983,6.46100202,7.060606061,5.632996633,3.234545455,2.939393939,24.898,1106.05,8.73,19.33,1.0,17.88,0.95
9.65,5.950266667,7.0,5.0,3.926666667,3.0,28.95,1182.0,9.0,19.58,0.73,27.04,0.4
8.513333333,6.4736,7.0,5.666666667,3.26,3.0,25.54,1123.0,9.0,19.33,1.0,17.88,0.75
10.32666667,6.4136,7.0,5.666666667,3.26,3.0,30.98,1019.0,9.0,16.61,0.82,12.91,0.1
1.356122449,6.655102041,9.387755102,2.653061224,1.292244898,0.612244898,66.45,16648.0,30.0,8.65,2.79,49.98,4.76
4.063333333,4.632222222,6.666666667,2.222222222,2.764444444,3.333333333,36.57,2266.0,30.0,7.43,1.66,11.33,2.08
2.00125,7.009583333,9.375,3.875,1.055833333,0.625,48.03,6811.0,15.0,10.2,2.79,31.78,3.1
3.474705882,5.214705882,7.058823529,3.176470588,2.352941176,2.941176471,59.07,4392.0,50.0,5.78,1.66,18.15,2.33
2.076666667,6.71952381,8.571428571,3.142857143,1.11047619,1.428571429,43.61,4461.0,30.0,7.13,2.79,7.1,4.9
4.89,5.185542857,2.142857143,3.857142857,0.642857143,7.857142857,68.46,1635.0,110.0,8.22,1.44,9.11,1.995
1.232631579,6.316842105,9.473684211,2.526315789,1.181052632,0.526315789,23.42,5744.0,10.0,7.13,2.79,49.98,2.66
1.90375,5.07375,10.0,3.125,1.875,0.0,45.69,5646.0,0.0,0.54,1.66,1.53,2.3
4.01875,5.03125,6.25,2.875,2.555,3.75,32.15,2064.0,30.0,7.43,1.66,18.15,1.6
1.088,7.378,8.0,3.6,0.066666667,2.0,16.32,3084.0,30.0,4.93,2.79,7.6,4.07
0.925833333,7.205833333,10.0,3.0,0.416666667,0.0,11.11,2688.0,0.0,4.79,2.79,6.47,4.84
6.74,5.459483333,1.666666667,2.666666667,2.406666667,8.333333333,40.44,1000.0,50.0,11.97,1.25,,0.2
3.23,4.56,5.0,3.0,0.5,5.0,6.46,193.0,10.0,3.4,1.44,5.63,6.185
2.12,6.976923077,6.923076923,3.538461538,0.803076923,3.076923077,27.56,2912.0,40.0,7.31,2.79,17.27,3.9
6.165,4.667272727,3.636363636,3.363636364,2.969090909,6.363636364,135.63,5004.0,140.0,5.9,1.25,,1.53
4.45,4.9275,7.5,3.0,2.0,2.5,17.8,802.0,10.0,5.16,1.48,17.68,1.62
5.175,4.7675,2.5,3.0,2.0,7.5,20.7,742.0,30.0,5.16,1.25,17.68,0.38
4.835,4.987,10.0,4.5,2.0,0.0,19.34,929.0,0.0,6.7,1.48,8.61,2.5
4.288888889,5.128888889,9.777777778,3.333333333,2.222222222,0.222222222,38.6,2372.0,2.0,4.98,1.48,16.24,2.0
8.553333333,5.128,8.333333333,3.0,4.593333333,1.666666667,25.66,1674.0,5.0,18.67,0.52,17.35,0.148333333
6.699625468,5.250599251,7.992509363,5.003745318,2.948539326,2.007490637,17.888,826.52,5.36,7.61,0.92,,0.7
4.6525,5.32,8.0,5.0,2.945,2.0,18.61,1393.0,8.0,10.33,1.1,19.78,1.5
8.443333333,4.723333333,0.666666667,5.0,3.593333333,9.333333333,25.33,1015.0,28.0,6.16,0.69,4.01,0.5
6.358,3.982,7.2,4.0,4.712,2.8,31.79,2642.0,14.0,10.07,0.52,26.55,0.57
5.43,4.826666667,7.666666667,4.666666667,3.593333333,2.333333333,16.29,1237.0,7.0,10.58,1.14,23.34,1.4
5.55,5.456,6.0,3.6,2.4,4.0,27.75,1205.0,20.0,1.9,0.43,13.18,1.161111111
6.42,5.264,0.0,3.6,2.4,10.0,32.1,1115.0,50.0,0.45,0.2,2.38,0.255714286
4.563333333,5.593333333,3.333333333,4.0,1.666666667,6.666666667,13.69,648.0,20.0,4.62,0.61,18.15,1.925
7.226666667,3.953333333,3.0,1.333333333,3.926666667,7.0,21.68,1018.0,21.0,9.01,0.71,5.77,0.23
4.021111111,7.2164,9.222222222,3.333333333,1.777777778,0.777777778,36.19,3660.0,7.0,16.6,2.45,31.38,2.67
5.95,5.504,2.0,4.0,2.0,8.0,5.95,203.0,8.0,1.45,0.23,10.8,0.4
5.1525,5.68,7.5,4.0,2.0,2.5,20.61,878.0,10.0,1.45,0.23,10.8,1.87
5.515,5.6,5.0,4.0,2.0,5.0,11.03,424.0,10.0,1.45,0.23,10.8,1.58
4.676,4.94,4.0,3.2,2.8,6.0,23.38,1495.0,30.0,3.91,0.21,33.06,2.0925
3.97,5.236666667,10.0,3.333333333,2.666666667,0.0,11.91,906.0,0.0,2.46,0.44,43.86,1.73
4.802,3.8002,9.4,3.0,2.92,0.6,24.01,1548.0,3.0,4.53,0.12,5.47,2.3
3.111,6.19465,10.0,4.3,1.74,0.0,31.11,2778.0,0.0,7.52,2.57,49.98,2.5
4.6375,5.693875,7.5,3.5,2.56,2.5,18.55,1073.0,10.0,8.96,2.57,12.83,2.9
4.795,5.37275,10.0,5.0,2.4,0.0,9.59,486.0,0.0,5.45,1.44,6.91,2.3
1.936666667,7.204625,8.333333333,3.75,0.983333333,1.666666667,23.24,3296.0,20.0,7.52,2.57,,3.54
6.8275,5.091375,2.5,4.0,2.7,7.5,27.31,903.0,30.0,1.28,1.03,10.46,0.52
3.203076923,6.302307692,6.153846154,2.307692308,1.955384615,3.846153846,41.64,2769.5,50.0,7.31,2.16,,3.0
5.03,5.45875,2.5,3.75,1.875,7.5,40.24,1745.0,60.0,5.24,0.79,18.15,1.5
4.123,7.07741,6.6,3.4,1.778,3.4,41.23,3249.0,34.0,19.3,2.31,35.18,2.49
3.783333333,5.185,9.166666667,2.833333333,2.646666667,0.833333333,45.4,3399.0,10.0,5.24,0.93,5.31,3.1
6.0364,5.17545,5.0,3.0,3.0,5.0,12.0728,529.52,10.0,5.24,0.79,5.31,0.92
1.476,6.501,8.9,3.2,1.0,1.1,14.76,2462.0,11.0,6.69,2.56,19.65,3.57
1.374285714,6.191428571,9.714285714,3.142857143,1.142857143,0.285714286,9.62,1794.0,2.0,4.54,2.56,15.23,3.41
1.549090909,6.974848485,9.818181818,3.696969697,0.909090909,0.181818182,51.12,8275.0,6.0,6.11,2.56,,2.66
5.08,4.311111111,10.0,1.703703704,3.537777778,0.0,274.32,17198.0,0.0,3.36,0.75,31.35,0.05
11.64,5.465272727,5.636363636,3.636363636,4.363636364,4.363636364,128.04,4818.0,48.0,19.86,0.75,33.68,0.25
4.392857143,4.851428571,8.571428571,3.142857143,2.285714286,1.428571429,30.75,1522.0,10.0,5.57,1.25,2.26,2.0
2.788,6.64208,8.0,3.2,0.888,2.0,13.94,1107.0,10.0,11.4,2.56,8.08,1.78
1.97,6.612,8.0,3.2,1.2,2.0,9.85,1213.0,10.0,7.31,2.56,,4.1
6.66,5.61095,9.25,3.0,3.11,0.75,26.64,1626.0,3.0,14.53,1.23,29.88,2.743
4.622,6.13276,9.0,2.8,3.6,1.0,23.11,2810.0,5.0,16.6,1.95,31.24,1.72
4.01625,5.54575,10.0,5.0,2.5,0.0,32.13,2550.0,0.0,6.16,1.41,,2.1
4.276,5.518133333,9.333333333,5.066666667,2.429333333,0.666666667,64.14,4615.0,10.0,6.16,1.41,18.15,2.44
3.932857143,7.477442857,9.428571429,4.857142857,1.254285714,0.571428571,27.53,2355.0,4.0,19.3,2.54,35.18,4.24
6.505,4.83045,7.0,2.75,2.86,3.0,26.02,1106.0,12.0,7.36,1.08,11.308,0.56
6.11574,5.3938092,5.6,3.372,2.48136,4.4,152.8935,5872.0,110.0,7.11,0.72,15.728,0.6
8.813333333,5.751816667,5.0,2.5,3.146666667,5.0,105.76,3062.0,60.0,14.51,0.78,8.408,1.2
4.306666667,5.418533333,7.5,3.25,2.49,2.5,51.68,3154.0,30.0,10.08,0.9,10.64,1.8
6.367777778,4.959288889,4.444444444,2.222222222,3.306666667,5.555555556,57.31,2458.0,50.0,9.83,0.98,11.33,1.4
9.53,5.027866667,3.333333333,2.0,2.96,6.666666667,28.59,591.0,20.0,7.11,0.72,2.548,0.37
8.504,5.12872,0.0,2.8,2.576,10.0,42.52,955.0,50.0,5.66,0.49,13.348,0.516
7.971428571,5.205057143,5.714285714,2.571428571,2.76,4.285714286,55.8,1529.0,30.0,7.11,0.72,23.558,1.3
7.5725,5.4949,5.875,2.75,2.915,4.125,60.58,2444.0,33.0,14.53,1.23,29.88,2.44
5.147647059,5.293952941,7.176470588,3.294117647,2.691764706,2.823529412,87.51,5249.0,48.0,9.83,1.28,24.68,1.8
5.766428571,4.805128571,7.5,4.142857143,3.452857143,2.5,80.73,4087.0,35.0,9.83,1.2,15.18,0.75
4.795,4.837271429,7.5,4.142857143,3.452857143,2.5,67.13,4347.0,35.0,9.83,1.2,15.18,0.97
5.960714286,4.7987,7.5,4.142857143,3.452857143,2.5,83.45,4035.0,35.0,9.83,1.2,15.18,0.71
7.491818182,5.164236364,6.181818182,2.090909091,3.250909091,3.818181818,82.41,3185.0,42.0,7.11,1.19,14.458,2.12
5.8375,5.14795,5.0,2.5,2.72,5.0,23.35,983.0,20.0,9.83,0.97,,2.3175
4.465,5.33045,7.5,3.0,2.61,2.5,17.86,1055.0,10.0,10.08,0.9,3.482,1.65
8.345,5.2109,5.0,2.5,2.72,5.0,16.69,409.0,10.0,7.11,0.72,,0.763461538
6.942,5.75712,7.4,3.2,2.888,2.6,34.71,1801.0,13.0,14.53,1.23,29.88,0.78
9.5,5.8434,9.5,2.5,2.89,0.5,19.0,739.0,1.0,19.0,2.56,13.78,1.5
3.713,5.41868,9.9,3.5,2.578,0.1,37.13,3073.0,1.0,17.18,1.43,13.34,1.41
3.439166667,5.490566667,9.916666667,3.583333333,2.481666667,0.083333333,41.27,3631.0,1.0,17.18,1.43,13.34,1.41
2.127857143,6.805,9.357142857,3.642857143,1.5,0.642857143,29.79,4387.0,9.0,6.11,2.35,,0.76
3.055,5.785,8.5,3.5,2.5,1.5,6.11,763.0,3.0,6.11,2.35,20.68,0.3
1.54375,7.20875,8.375,3.5,0.875,1.625,12.35,2174.0,13.0,6.24,2.35,20.68,2.51
3.03,4.87,9.6,2.8,2.4,0.4,15.15,1683.0,2.0,2.4,1.38,9.68,2.9
7.72,4.063333333,3.0,1.333333333,3.926666667,7.0,23.16,1063.0,21.0,7.53,0.77,8.47,0.27
10.85333333,5.3736,3.333333333,4.333333333,3.926666667,6.666666667,32.56,1250.0,20.0,16.93,0.77,8.47,0.16
2.788,7.42236,10.0,4.0,0.8,0.0,13.94,1051.0,0.0,6.97,2.49,7.44,5.22
3.864285714,5.391557143,10.0,3.142857143,2.411428571,0.0,27.05,1840.0,0.0,4.9,1.36,,2.3
6.34,4.7975,5.0,2.0,3.22,5.0,12.68,348.5,10.0,3.86,0.86,1.13,2.95
7.5525,5.879225,5.0,2.0,3.22,5.0,15.105,323.0,10.0,8.71,0.85,5.025,0.675
6.15,4.77625,5.0,2.0,3.22,5.0,12.3,353.25,10.0,3.86,0.86,1.13,3.25
4.489,4.76475,5.75,2.0,3.22,4.25,8.978,438.65,8.5,5.31,1.03,6.66,2.65
4.5926,4.79765,5.05,2.0,3.22,4.95,9.1852,411.91,9.9,5.31,1.03,6.66,3.7
4.358888889,5.023333333,5.555555556,2.444444444,2.862222222,4.444444444,39.23,2143.0,40.0,5.24,1.03,5.6,2.696
6.57,4.318,4.0,1.2,3.864,6.0,32.85,997.0,30.0,1.4,0.65,20.38,0.948888889
4.402727273,4.982727273,5.454545455,2.363636364,2.927272727,4.545454545,48.43,2553.0,50.0,5.24,1.03,,2.925
6.941428571,4.285714286,0.0,1.285714286,3.822857143,10.0,48.59,1310.0,70.0,0.44,0.42,12.55,1.1
0.749148936,7.055957447,9.787234043,2.510638298,0.860425532,0.212765957,35.21,15163.0,10.0,7.13,2.16,49.98,4.6
5.721,6.73707,6.0,2.8,2.176,4.0,57.21,1252.0,40.0,13.5,1.36,5.025,2.23
5.844285714,5.035714286,5.714285714,2.571428571,2.76,4.285714286,40.91,1525.0,30.0,2.52,0.85,,1.955
5.96,4.755,5.0,2.0,3.22,5.0,11.92,358.0,10.0,2.34,0.85,0.63,2.77513125
3.05,6.494114286,7.0,2.857142857,1.491428571,3.0,21.35,1757.0,21.0,9.75,2.51,11.18,1.58
4.8825,4.68,8.5,2.5,3.0,1.5,19.53,2076.0,6.0,6.51,2.45,16.68,0.2
4.38,4.535,9.0,2.0,4.0,1.0,8.76,1326.0,2.0,4.26,1.38,88.1,0.6
3.18,5.25,9.5,3.5,2.5,0.5,12.72,1446.0,2.0,4.44,1.32,15.18,2.225
